bucket,wins,win_rate
0,526,52.60
1,475,47.50
2,508,50.80
3,513,51.30
4,464,46.40
5,494,49.40
6,483,48.30
7,471,47.10
8,493,49.30
9,517,51.70
10,459,45.90
11,500,50.00
12,479,47.90
13,494,49.40
14,490,49.00
15,453,45.30
16,474,47.40
17,480,48.00
18,491,49.10
19,498,49.80
20,466,46.60
21,493,49.30
22,495,49.50
23,494,49.40
24,484,48.40
25,464,46.40
26,468,46.80
27,486,48.60
28,493,49.30
29,517,51.70
30,487,48.70
31,492,49.20
32,465,46.50
33,464,46.40
34,471,47.10
35,475,47.50
36,483,48.30
37,483,48.30
38,491,49.10
39,486,48.60
40,471,47.10
41,482,48.20
42,476,47.60
43,468,46.80
44,495,49.50
45,473,47.30
46,476,47.60
47,480,48.00
48,468,46.80
49,476,47.60
50,492,49.20
51,438,43.80
52,471,47.10
53,489,48.90
54,489,48.90
55,472,47.20
56,469,46.90
57,466,46.60
58,469,46.90
59,499,49.90
60,469,46.90
61,465,46.50
62,479,47.90
63,472,47.20
64,476,47.60
65,467,46.70
66,467,46.70
67,495,49.50
68,493,49.30
69,456,45.60
70,477,47.70
71,465,46.50
72,479,47.90
73,490,49.00
74,497,49.70
75,482,48.20
76,492,49.20
77,481,48.10
78,468,46.80
79,455,45.50
80,499,49.90
81,500,50.00
82,469,46.90
83,485,48.50
84,461,46.10
85,505,50.50
86,434,43.40
87,503,50.30
88,477,47.70
89,477,47.70
90,506,50.60
91,467,46.70
92,472,47.20
93,483,48.30
94,502,50.20
95,462,46.20
96,473,47.30
97,470,47.00
98,469,46.90
99,470,47.00
100,499,49.90
101,443,44.30
102,488,48.80
103,467,46.70
104,461,46.10
105,479,47.90
106,491,49.10
107,496,49.60
108,490,49.00
109,482,48.20
110,447,44.70
111,483,48.30
112,484,48.40
113,491,49.10
114,493,49.30
115,454,45.40
116,484,48.40
117,474,47.40
118,475,47.50
119,456,45.60
120,451,45.10
121,476,47.60
122,505,50.50
123,462,46.20
124,462,46.20
125,492,49.20
126,465,46.50
127,500,50.00
128,501,50.10
129,482,48.20
130,472,47.20
131,476,47.60
132,501,50.10
133,460,46.00
134,436,43.60
135,460,46.00
136,470,47.00
137,480,48.00
138,488,48.80
139,480,48.00
140,492,49.20
141,492,49.20
142,496,49.60
143,480,48.00
144,478,47.80
145,468,46.80
146,468,46.80
147,467,46.70
148,489,48.90
149,477,47.70
150,483,48.30
151,462,46.20
152,486,48.60
153,489,48.90
154,502,50.20
155,478,47.80
156,452,45.20
157,485,48.50
158,475,47.50
159,488,48.80
160,461,46.10
161,457,45.70
162,454,45.40
163,468,46.80
164,480,48.00
165,475,47.50
166,509,50.90
167,476,47.60
168,496,49.60
169,497,49.70
170,499,49.90
171,459,45.90
172,479,47.90
173,493,49.30
174,460,46.00
175,488,48.80
176,457,45.70
177,494,49.40
178,470,47.00
179,464,46.40
180,499,49.90
181,499,49.90
182,478,47.80
183,453,45.30
184,486,48.60
185,477,47.70
186,463,46.30
187,500,50.00
188,502,50.20
189,485,48.50
190,440,44.00
191,467,46.70
192,446,44.60
193,486,48.60
194,473,47.30
195,480,48.00
196,456,45.60
197,449,44.90
198,472,47.20
199,439,43.90
200,459,45.90
201,509,50.90
202,475,47.50
203,475,47.50
204,479,47.90
205,490,49.00
206,488,48.80
207,504,50.40
208,471,47.10
209,444,44.40
210,495,49.50
211,461,46.10
212,491,49.10
213,480,48.00
214,455,45.50
215,476,47.60
216,473,47.30
217,471,47.10
218,458,45.80
219,458,45.80
220,479,47.90
221,473,47.30
222,488,48.80
223,485,48.50
224,481,48.10
225,479,47.90
226,485,48.50
227,484,48.40
228,492,49.20
229,477,47.70
230,465,46.50
231,482,48.20
232,483,48.30
233,486,48.60
234,466,46.60
235,486,48.60
236,493,49.30
237,467,46.70
238,487,48.70
239,465,46.50
240,476,47.60
241,481,48.10
242,464,46.40
243,447,44.70
244,450,45.00
245,477,47.70
246,505,50.50
247,493,49.30
248,467,46.70
249,476,47.60
250,439,43.90
251,492,49.20
252,470,47.00
253,478,47.80
254,463,46.30
255,494,49.40
256,468,46.80
257,480,48.00
258,459,45.90
259,481,48.10
260,470,47.00
261,481,48.10
262,475,47.50
263,475,47.50
264,475,47.50
265,477,47.70
266,486,48.60
267,443,44.30
268,443,44.30
269,484,48.40
270,481,48.10
271,486,48.60
272,460,46.00
273,483,48.30
274,499,49.90
275,461,46.10
276,491,49.10
277,465,46.50
278,476,47.60
279,470,47.00
280,515,51.50
281,462,46.20
282,500,50.00
283,498,49.80
284,484,48.40
285,490,49.00
286,481,48.10
287,506,50.60
288,470,47.00
289,483,48.30
290,469,46.90
291,477,47.70
292,472,47.20
293,469,46.90
294,500,50.00
295,465,46.50
296,495,49.50
297,462,46.20
298,478,47.80
299,503,50.30
300,465,46.50
301,450,45.00
302,453,45.30
303,470,47.00
304,471,47.10
305,464,46.40
306,457,45.70
307,461,46.10
308,483,48.30
309,458,45.80
310,497,49.70
311,489,48.90
312,471,47.10
313,479,47.90
314,490,49.00
315,448,44.80
316,466,46.60
317,518,51.80
318,505,50.50
319,480,48.00
320,470,47.00
321,459,45.90
322,443,44.30
323,500,50.00
324,457,45.70
325,465,46.50
326,493,49.30
327,480,48.00
328,455,45.50
329,464,46.40
330,469,46.90
331,485,48.50
332,490,49.00
333,472,47.20
334,455,45.50
335,490,49.00
336,471,47.10
337,497,49.70
338,490,49.00
339,492,49.20
340,475,47.50
341,457,45.70
342,479,47.90
343,467,46.70
344,499,49.90
345,473,47.30
346,504,50.40
347,468,46.80
348,475,47.50
349,453,45.30
350,480,48.00
351,474,47.40
352,465,46.50
353,500,50.00
354,474,47.40
355,511,51.10
356,458,45.80
357,477,47.70
358,487,48.70
359,493,49.30
360,493,49.30
361,462,46.20
362,528,52.80
363,456,45.60
364,490,49.00
365,479,47.90
366,479,47.90
367,501,50.10
368,473,47.30
369,497,49.70
370,462,46.20
371,476,47.60
372,459,45.90
373,488,48.80
374,494,49.40
375,472,47.20
376,483,48.30
377,488,48.80
378,460,46.00
379,485,48.50
380,483,48.30
381,487,48.70
382,461,46.10
383,454,45.40
384,481,48.10
385,473,47.30
386,492,49.20
387,451,45.10
388,477,47.70
389,482,48.20
390,469,46.90
391,473,47.30
392,487,48.70
393,463,46.30
394,448,44.80
395,484,48.40
396,467,46.70
397,496,49.60
398,464,46.40
399,473,47.30
400,499,49.90
401,465,46.50
402,503,50.30
403,484,48.40
404,473,47.30
405,502,50.20
406,485,48.50
407,483,48.30
408,484,48.40
409,491,49.10
410,463,46.30
411,482,48.20
412,477,47.70
413,472,47.20
414,472,47.20
415,464,46.40
416,477,47.70
417,477,47.70
418,505,50.50
419,461,46.10
420,488,48.80
421,479,47.90
422,459,45.90
423,469,46.90
424,485,48.50
425,452,45.20
426,464,46.40
427,478,47.80
428,474,47.40
429,482,48.20
430,482,48.20
431,472,47.20
432,523,52.30
433,475,47.50
434,452,45.20
435,495,49.50
436,483,48.30
437,509,50.90
438,465,46.50
439,472,47.20
440,484,48.40
441,472,47.20
442,482,48.20
443,478,47.80
444,485,48.50
445,454,45.40
446,459,45.90
447,457,45.70
448,463,46.30
449,478,47.80
450,458,45.80
451,458,45.80
452,490,49.00
453,466,46.60
454,432,43.20
455,493,49.30
456,488,48.80
457,462,46.20
458,470,47.00
459,454,45.40
460,474,47.40
461,482,48.20
462,461,46.10
463,478,47.80
464,465,46.50
465,463,46.30
466,457,45.70
467,465,46.50
468,499,49.90
469,508,50.80
470,461,46.10
471,495,49.50
472,463,46.30
473,489,48.90
474,435,43.50
475,479,47.90
476,453,45.30
477,472,47.20
478,500,50.00
479,474,47.40
480,458,45.80
481,485,48.50
482,484,48.40
483,457,45.70
484,493,49.30
485,463,46.30
486,491,49.10
487,525,52.50
488,470,47.00
489,460,46.00
490,472,47.20
491,501,50.10
492,504,50.40
493,467,46.70
494,502,50.20
495,473,47.30
496,475,47.50
497,475,47.50
498,462,46.20
499,465,46.50
500,474,47.40
501,442,44.20
502,465,46.50
503,511,51.10
504,465,46.50
505,495,49.50
506,465,46.50
507,489,48.90
508,469,46.90
509,473,47.30
510,474,47.40
511,460,46.00
512,468,46.80
513,468,46.80
514,493,49.30
515,495,49.50
516,458,45.80
517,484,48.40
518,483,48.30
519,467,46.70
520,472,47.20
521,462,46.20
522,462,46.20
523,446,44.60
524,484,48.40
525,494,49.40
526,475,47.50
527,473,47.30
528,489,48.90
529,490,49.00
530,469,46.90
531,481,48.10
532,483,48.30
533,471,47.10
534,485,48.50
535,451,45.10
536,489,48.90
537,477,47.70
538,479,47.90
539,483,48.30
540,485,48.50
541,444,44.40
542,472,47.20
543,452,45.20
544,473,47.30
545,457,45.70
546,454,45.40
547,499,49.90
548,444,44.40
549,434,43.40
550,482,48.20
551,478,47.80
552,461,46.10
553,440,44.00
554,484,48.40
555,464,46.40
556,462,46.20
557,461,46.10
558,502,50.20
559,471,47.10
560,472,47.20
561,474,47.40
562,431,43.10
563,460,46.00
564,461,46.10
565,459,45.90
566,457,45.70
567,438,43.80
568,511,51.10
569,496,49.60
570,461,46.10
571,469,46.90
572,465,46.50
573,462,46.20
574,438,43.80
575,460,46.00
576,467,46.70
577,461,46.10
578,498,49.80
579,474,47.40
580,483,48.30
581,453,45.30
582,474,47.40
583,464,46.40
584,485,48.50
585,471,47.10
586,462,46.20
587,460,46.00
588,479,47.90
589,475,47.50
590,468,46.80
591,433,43.30
592,445,44.50
593,459,45.90
594,460,46.00
595,517,51.70
596,476,47.60
597,482,48.20
598,482,48.20
599,476,47.60
600,454,45.40
601,469,46.90
602,478,47.80
603,448,44.80
604,471,47.10
605,475,47.50
606,461,46.10
607,476,47.60
608,439,43.90
609,462,46.20
610,439,43.90
611,456,45.60
612,465,46.50
613,492,49.20
614,469,46.90
615,476,47.60
616,476,47.60
617,461,46.10
618,464,46.40
619,450,45.00
620,470,47.00
621,453,45.30
622,487,48.70
623,464,46.40
624,508,50.80
625,467,46.70
626,475,47.50
627,481,48.10
628,475,47.50
629,484,48.40
630,467,46.70
631,472,47.20
632,469,46.90
633,457,45.70
634,438,43.80
635,439,43.90
636,464,46.40
637,445,44.50
638,471,47.10
639,459,45.90
640,438,43.80
641,440,44.00
642,446,44.60
643,485,48.50
644,481,48.10
645,482,48.20
646,479,47.90
647,468,46.80
648,462,46.20
649,452,45.20
650,480,48.00
651,495,49.50
652,472,47.20
653,476,47.60
654,477,47.70
655,452,45.20
656,448,44.80
657,492,49.20
658,483,48.30
659,448,44.80
660,450,45.00
661,488,48.80
662,469,46.90
663,508,50.80
664,456,45.60
665,462,46.20
666,471,47.10
667,463,46.30
668,459,45.90
669,496,49.60
670,465,46.50
671,465,46.50
672,451,45.10
673,487,48.70
674,467,46.70
675,454,45.40
676,488,48.80
677,483,48.30
678,496,49.60
679,479,47.90
680,476,47.60
681,501,50.10
682,472,47.20
683,500,50.00
684,454,45.40
685,491,49.10
686,465,46.50
687,472,47.20
688,494,49.40
689,468,46.80
690,468,46.80
691,439,43.90
692,448,44.80
693,472,47.20
694,470,47.00
695,448,44.80
696,461,46.10
697,470,47.00
698,482,48.20
699,485,48.50
700,492,49.20
701,489,48.90
702,470,47.00
703,473,47.30
704,460,46.00
705,459,45.90
706,487,48.70
707,488,48.80
708,489,48.90
709,495,49.50
710,457,45.70
711,493,49.30
712,440,44.00
713,476,47.60
714,477,47.70
715,461,46.10
716,477,47.70
717,474,47.40
718,465,46.50
719,502,50.20
720,480,48.00
721,495,49.50
722,477,47.70
723,460,46.00
724,467,46.70
725,464,46.40
726,493,49.30
727,482,48.20
728,501,50.10
729,454,45.40
730,470,47.00
731,474,47.40
732,505,50.50
733,461,46.10
734,458,45.80
735,462,46.20
736,464,46.40
737,492,49.20
738,479,47.90
739,464,46.40
740,476,47.60
741,457,45.70
742,492,49.20
743,458,45.80
744,477,47.70
745,470,47.00
746,495,49.50
747,454,45.40
748,479,47.90
749,456,45.60
750,463,46.30
751,485,48.50
752,463,46.30
753,459,45.90
754,474,47.40
755,488,48.80
756,463,46.30
757,487,48.70
758,497,49.70
759,465,46.50
760,464,46.40
761,452,45.20
762,486,48.60
763,453,45.30
764,482,48.20
765,462,46.20
766,458,45.80
767,468,46.80
768,481,48.10
769,451,45.10
770,476,47.60
771,474,47.40
772,476,47.60
773,467,46.70
774,481,48.10
775,470,47.00
776,464,46.40
777,436,43.60
778,477,47.70
779,484,48.40
780,479,47.90
781,464,46.40
782,479,47.90
783,480,48.00
784,489,48.90
785,479,47.90
786,476,47.60
787,460,46.00
788,459,45.90
789,497,49.70
790,454,45.40
791,468,46.80
792,460,46.00
793,486,48.60
794,445,44.50
795,474,47.40
796,435,43.50
797,485,48.50
798,454,45.40
799,469,46.90
800,493,49.30
801,489,48.90
802,496,49.60
803,483,48.30
804,489,48.90
805,450,45.00
806,446,44.60
807,510,51.00
808,460,46.00
809,477,47.70
810,482,48.20
811,468,46.80
812,454,45.40
813,443,44.30
814,473,47.30
815,473,47.30
816,473,47.30
817,463,46.30
818,493,49.30
819,484,48.40
820,495,49.50
821,457,45.70
822,434,43.40
823,484,48.40
824,501,50.10
825,461,46.10
826,496,49.60
827,462,46.20
828,484,48.40
829,442,44.20
830,499,49.90
831,477,47.70
832,458,45.80
833,468,46.80
834,486,48.60
835,486,48.60
836,457,45.70
837,458,45.80
838,482,48.20
839,459,45.90
840,453,45.30
841,471,47.10
842,486,48.60
843,496,49.60
844,456,45.60
845,452,45.20
846,453,45.30
847,473,47.30
848,488,48.80
849,445,44.50
850,437,43.70
851,479,47.90
852,478,47.80
853,484,48.40
854,508,50.80
855,478,47.80
856,439,43.90
857,493,49.30
858,468,46.80
859,496,49.60
860,474,47.40
861,481,48.10
862,492,49.20
863,457,45.70
864,450,45.00
865,455,45.50
866,483,48.30
867,491,49.10
868,460,46.00
869,492,49.20
870,484,48.40
871,473,47.30
872,512,51.20
873,499,49.90
874,491,49.10
875,484,48.40
876,475,47.50
877,474,47.40
878,484,48.40
879,437,43.70
880,457,45.70
881,433,43.30
882,471,47.10
883,448,44.80
884,476,47.60
885,499,49.90
886,491,49.10
887,479,47.90
888,477,47.70
889,463,46.30
890,469,46.90
891,476,47.60
892,501,50.10
893,476,47.60
894,444,44.40
895,456,45.60
896,445,44.50
897,451,45.10
898,463,46.30
899,509,50.90
900,467,46.70
901,476,47.60
902,484,48.40
903,477,47.70
904,489,48.90
905,447,44.70
906,479,47.90
907,462,46.20
908,505,50.50
909,460,46.00
910,484,48.40
911,470,47.00
912,464,46.40
913,495,49.50
914,450,45.00
915,456,45.60
916,473,47.30
917,469,46.90
918,481,48.10
919,500,50.00
920,496,49.60
921,496,49.60
922,476,47.60
923,463,46.30
924,524,52.40
925,475,47.50
926,431,43.10
927,465,46.50
928,483,48.30
929,489,48.90
930,482,48.20
931,494,49.40
932,478,47.80
933,476,47.60
934,460,46.00
935,459,45.90
936,449,44.90
937,490,49.00
938,481,48.10
939,460,46.00
940,464,46.40
941,471,47.10
942,494,49.40
943,463,46.30
944,476,47.60
945,455,45.50
946,457,45.70
947,474,47.40
948,494,49.40
949,491,49.10
950,507,50.70
951,505,50.50
952,454,45.40
953,465,46.50
954,489,48.90
955,451,45.10
956,457,45.70
957,469,46.90
958,446,44.60
959,470,47.00
960,470,47.00
961,445,44.50
962,485,48.50
963,459,45.90
964,469,46.90
965,477,47.70
966,508,50.80
967,476,47.60
968,482,48.20
969,498,49.80
970,481,48.10
971,502,50.20
972,474,47.40
973,463,46.30
974,485,48.50
975,471,47.10
976,461,46.10
977,447,44.70
978,463,46.30
979,457,45.70
980,480,48.00
981,457,45.70
982,462,46.20
983,493,49.30
984,497,49.70
985,454,45.40
986,475,47.50
987,462,46.20
988,459,45.90
989,461,46.10
990,453,45.30
991,481,48.10
992,463,46.30
993,481,48.10
994,442,44.20
995,485,48.50
996,477,47.70
997,494,49.40
998,493,49.30
999,483,48.30
1000,494,49.40
1001,443,44.30
1002,474,47.40
1003,469,46.90
1004,473,47.30
1005,482,48.20
1006,461,46.10
1007,452,45.20
1008,478,47.80
1009,481,48.10
1010,462,46.20
1011,465,46.50
1012,488,48.80
1013,490,49.00
1014,473,47.30
1015,496,49.60
1016,485,48.50
1017,489,48.90
1018,457,45.70
1019,433,43.30
1020,470,47.00
1021,459,45.90
1022,450,45.00
1023,467,46.70
1024,477,47.70
1025,440,44.00
1026,459,45.90
1027,484,48.40
1028,471,47.10
1029,496,49.60
1030,477,47.70
1031,488,48.80
1032,451,45.10
1033,499,49.90
1034,485,48.50
1035,455,45.50
1036,473,47.30
1037,483,48.30
1038,493,49.30
1039,469,46.90
1040,496,49.60
1041,455,45.50
1042,491,49.10
1043,488,48.80
1044,464,46.40
1045,497,49.70
1046,464,46.40
1047,445,44.50
1048,458,45.80
1049,489,48.90
1050,475,47.50
1051,482,48.20
1052,495,49.50
1053,483,48.30
1054,472,47.20
1055,484,48.40
1056,495,49.50
1057,468,46.80
1058,514,51.40
1059,469,46.90
1060,449,44.90
1061,452,45.20
1062,437,43.70
1063,490,49.00
1064,461,46.10
1065,492,49.20
1066,458,45.80
1067,489,48.90
1068,472,47.20
1069,473,47.30
1070,486,48.60
1071,494,49.40
1072,445,44.50
1073,440,44.00
1074,476,47.60
1075,463,46.30
1076,496,49.60
1077,482,48.20
1078,467,46.70
1079,475,47.50
1080,468,46.80
1081,479,47.90
1082,483,48.30
1083,487,48.70
1084,465,46.50
1085,477,47.70
1086,475,47.50
1087,483,48.30
1088,470,47.00
1089,470,47.00
1090,481,48.10
1091,465,46.50
1092,474,47.40
1093,479,47.90
1094,459,45.90
1095,445,44.50
1096,470,47.00
1097,467,46.70
1098,452,45.20
1099,486,48.60
1100,480,48.00
1101,441,44.10
1102,492,49.20
1103,460,46.00
1104,456,45.60
1105,474,47.40
1106,487,48.70
1107,487,48.70
1108,455,45.50
1109,477,47.70
1110,468,46.80
1111,487,48.70
1112,468,46.80
1113,473,47.30
1114,473,47.30
1115,476,47.60
1116,449,44.90
1117,458,45.80
1118,438,43.80
1119,487,48.70
1120,452,45.20
1121,450,45.00
1122,482,48.20
1123,487,48.70
1124,476,47.60
1125,459,45.90
1126,440,44.00
1127,482,48.20
1128,433,43.30
1129,472,47.20
1130,474,47.40
1131,480,48.00
1132,460,46.00
1133,472,47.20
1134,444,44.40
1135,448,44.80
1136,463,46.30
1137,457,45.70
1138,458,45.80
1139,461,46.10
1140,485,48.50
1141,473,47.30
1142,454,45.40
1143,468,46.80
1144,496,49.60
1145,450,45.00
1146,486,48.60
1147,467,46.70
1148,479,47.90
1149,496,49.60
1150,459,45.90
1151,490,49.00
1152,468,46.80
1153,465,46.50
1154,458,45.80
1155,474,47.40
1156,463,46.30
1157,489,48.90
1158,415,41.50
1159,488,48.80
1160,480,48.00
1161,454,45.40
1162,491,49.10
1163,459,45.90
1164,454,45.40
1165,503,50.30
1166,481,48.10
1167,464,46.40
1168,470,47.00
1169,452,45.20
1170,475,47.50
1171,468,46.80
1172,486,48.60
1173,491,49.10
1174,446,44.60
1175,475,47.50
1176,473,47.30
1177,458,45.80
1178,451,45.10
1179,462,46.20
1180,470,47.00
1181,465,46.50
1182,465,46.50
1183,490,49.00
1184,462,46.20
1185,457,45.70
1186,461,46.10
1187,481,48.10
1188,489,48.90
1189,470,47.00
1190,485,48.50
1191,476,47.60
1192,465,46.50
1193,486,48.60
1194,466,46.60
1195,461,46.10
1196,463,46.30
1197,466,46.60
1198,461,46.10
1199,438,43.80
1200,463,46.30
1201,470,47.00
1202,456,45.60
1203,457,45.70
1204,495,49.50
1205,466,46.60
1206,473,47.30
1207,488,48.80
1208,479,47.90
1209,461,46.10
1210,462,46.20
1211,436,43.60
1212,492,49.20
1213,476,47.60
1214,511,51.10
1215,475,47.50
1216,453,45.30
1217,489,48.90
1218,446,44.60
1219,467,46.70
1220,467,46.70
1221,452,45.20
1222,485,48.50
1223,447,44.70
1224,462,46.20
1225,462,46.20
1226,445,44.50
1227,456,45.60
1228,465,46.50
1229,478,47.80
1230,422,42.20
1231,465,46.50
1232,467,46.70
1233,486,48.60
1234,466,46.60
1235,477,47.70
1236,462,46.20
1237,445,44.50
1238,498,49.80
1239,460,46.00
1240,469,46.90
1241,458,45.80
1242,459,45.90
1243,488,48.80
1244,472,47.20
1245,450,45.00
1246,494,49.40
1247,467,46.70
1248,488,48.80
1249,449,44.90
1250,460,46.00
1251,474,47.40
1252,488,48.80
1253,471,47.10
1254,470,47.00
1255,456,45.60
1256,480,48.00
1257,467,46.70
1258,465,46.50
1259,472,47.20
1260,490,49.00
1261,496,49.60
1262,498,49.80
1263,485,48.50
1264,477,47.70
1265,489,48.90
1266,447,44.70
1267,471,47.10
1268,469,46.90
1269,477,47.70
1270,475,47.50
1271,496,49.60
1272,477,47.70
1273,491,49.10
1274,473,47.30
1275,448,44.80
1276,481,48.10
1277,467,46.70
1278,469,46.90
1279,493,49.30
1280,453,45.30
1281,478,47.80
1282,491,49.10
1283,495,49.50
1284,484,48.40
1285,477,47.70
1286,485,48.50
1287,455,45.50
1288,459,45.90
1289,473,47.30
1290,498,49.80
1291,490,49.00
1292,474,47.40
1293,474,47.40
1294,471,47.10
1295,470,47.00
1296,489,48.90
1297,490,49.00
1298,462,46.20
1299,458,45.80
1300,479,47.90
1301,496,49.60
1302,484,48.40
1303,473,47.30
1304,507,50.70
1305,461,46.10
1306,495,49.50
1307,442,44.20
1308,449,44.90
1309,472,47.20
1310,468,46.80
1311,481,48.10
1312,476,47.60
1313,482,48.20
1314,473,47.30
1315,443,44.30
1316,482,48.20
1317,485,48.50
1318,501,50.10
1319,481,48.10
1320,464,46.40
1321,485,48.50
1322,476,47.60
1323,476,47.60
1324,498,49.80
1325,475,47.50
1326,472,47.20
1327,479,47.90
1328,448,44.80
1329,468,46.80
1330,472,47.20
1331,481,48.10
1332,498,49.80
1333,444,44.40
1334,487,48.70
1335,457,45.70
1336,439,43.90
1337,465,46.50
1338,451,45.10
1339,443,44.30
1340,441,44.10
1341,474,47.40
1342,482,48.20
1343,487,48.70
1344,506,50.60
1345,462,46.20
1346,493,49.30
1347,473,47.30
1348,465,46.50
1349,499,49.90
1350,490,49.00
1351,480,48.00
1352,468,46.80
1353,475,47.50
1354,490,49.00
1355,491,49.10
1356,491,49.10
1357,458,45.80
1358,478,47.80
1359,479,47.90
1360,490,49.00
1361,471,47.10
1362,498,49.80
1363,494,49.40
1364,435,43.50
1365,499,49.90
1366,473,47.30
1367,447,44.70
1368,481,48.10
1369,493,49.30
1370,452,45.20
1371,463,46.30
1372,465,46.50
1373,465,46.50
1374,464,46.40
1375,465,46.50
1376,495,49.50
1377,473,47.30
1378,459,45.90
1379,423,42.30
1380,486,48.60
1381,452,45.20
1382,475,47.50
1383,494,49.40
1384,468,46.80
1385,483,48.30
1386,492,49.20
1387,485,48.50
1388,485,48.50
1389,485,48.50
1390,464,46.40
1391,484,48.40
1392,470,47.00
1393,467,46.70
1394,467,46.70
1395,492,49.20
1396,493,49.30
1397,505,50.50
1398,469,46.90
1399,485,48.50
1400,444,44.40
1401,466,46.60
1402,467,46.70
1403,477,47.70
1404,480,48.00
1405,460,46.00
1406,488,48.80
1407,472,47.20
1408,446,44.60
1409,471,47.10
1410,470,47.00
1411,507,50.70
1412,468,46.80
1413,471,47.10
1414,458,45.80
1415,479,47.90
1416,487,48.70
1417,453,45.30
1418,486,48.60
1419,488,48.80
1420,456,45.60
1421,463,46.30
1422,463,46.30
1423,461,46.10
1424,507,50.70
1425,472,47.20
1426,463,46.30
1427,473,47.30
1428,434,43.40
1429,483,48.30
1430,504,50.40
1431,469,46.90
1432,466,46.60
1433,480,48.00
1434,494,49.40
1435,477,47.70
1436,481,48.10
1437,477,47.70
1438,478,47.80
1439,462,46.20
1440,504,50.40
1441,469,46.90
1442,476,47.60
1443,481,48.10
1444,477,47.70
1445,484,48.40
1446,483,48.30
1447,453,45.30
1448,458,45.80
1449,476,47.60
1450,462,46.20
1451,468,46.80
1452,472,47.20
1453,494,49.40
1454,503,50.30
1455,465,46.50
1456,470,47.00
1457,460,46.00
1458,463,46.30
1459,485,48.50
1460,499,49.90
1461,470,47.00
1462,453,45.30
1463,467,46.70
1464,484,48.40
1465,473,47.30
1466,474,47.40
1467,488,48.80
1468,462,46.20
1469,473,47.30
1470,489,48.90
1471,477,47.70
1472,448,44.80
1473,460,46.00
1474,447,44.70
1475,479,47.90
1476,485,48.50
1477,467,46.70
1478,474,47.40
1479,503,50.30
1480,478,47.80
1481,484,48.40
1482,504,50.40
1483,490,49.00
1484,491,49.10
1485,454,45.40
1486,482,48.20
1487,468,46.80
1488,452,45.20
1489,474,47.40
1490,464,46.40
1491,476,47.60
1492,496,49.60
1493,504,50.40
1494,462,46.20
1495,456,45.60
1496,453,45.30
1497,442,44.20
1498,461,46.10
1499,478,47.80
