bucket,wins,win_rate
0,472,47.20
1,469,46.90
2,480,48.00
3,485,48.50
4,486,48.60
5,484,48.40
6,474,47.40
7,476,47.60
8,510,51.00
9,510,51.00
10,477,47.70
11,509,50.90
12,475,47.50
13,497,49.70
14,492,49.20
15,503,50.30
16,486,48.60
17,487,48.70
18,467,46.70
19,484,48.40
20,500,50.00
21,498,49.80
22,490,49.00
23,478,47.80
24,474,47.40
25,474,47.40
26,468,46.80
27,464,46.40
28,478,47.80
29,475,47.50
30,485,48.50
31,495,49.50
32,480,48.00
33,486,48.60
34,485,48.50
35,469,46.90
36,482,48.20
37,485,48.50
38,491,49.10
39,457,45.70
40,450,45.00
41,490,49.00
42,458,45.80
43,461,46.10
44,460,46.00
45,498,49.80
46,496,49.60
47,473,47.30
48,473,47.30
49,484,48.40
50,464,46.40
51,470,47.00
52,476,47.60
53,475,47.50
54,488,48.80
55,512,51.20
56,468,46.80
57,466,46.60
58,494,49.40
59,508,50.80
60,471,47.10
61,494,49.40
62,494,49.40
63,464,46.40
64,499,49.90
65,507,50.70
66,487,48.70
67,483,48.30
68,449,44.90
69,484,48.40
70,471,47.10
71,497,49.70
72,477,47.70
73,469,46.90
74,475,47.50
75,471,47.10
76,489,48.90
77,479,47.90
78,466,46.60
79,475,47.50
80,481,48.10
81,477,47.70
82,456,45.60
83,487,48.70
84,484,48.40
85,462,46.20
86,479,47.90
87,504,50.40
88,503,50.30
89,496,49.60
90,483,48.30
91,495,49.50
92,484,48.40
93,469,46.90
94,447,44.70
95,468,46.80
96,471,47.10
97,491,49.10
98,463,46.30
99,476,47.60
100,486,48.60
101,466,46.60
102,447,44.70
103,473,47.30
104,507,50.70
105,461,46.10
106,469,46.90
107,483,48.30
108,491,49.10
109,475,47.50
110,457,45.70
111,464,46.40
112,484,48.40
113,445,44.50
114,495,49.50
115,483,48.30
116,480,48.00
117,494,49.40
118,484,48.40
119,474,47.40
120,488,48.80
121,471,47.10
122,500,50.00
123,479,47.90
124,465,46.50
125,474,47.40
126,481,48.10
127,450,45.00
128,506,50.60
129,458,45.80
130,469,46.90
131,502,50.20
132,504,50.40
133,501,50.10
134,495,49.50
135,485,48.50
136,490,49.00
137,522,52.20
138,487,48.70
139,504,50.40
140,520,52.00
141,475,47.50
142,494,49.40
143,492,49.20
144,491,49.10
145,461,46.10
146,493,49.30
147,463,46.30
148,474,47.40
149,491,49.10
150,487,48.70
151,492,49.20
152,480,48.00
153,509,50.90
154,481,48.10
155,463,46.30
156,460,46.00
157,505,50.50
158,464,46.40
159,470,47.00
160,481,48.10
161,493,49.30
162,499,49.90
163,468,46.80
164,470,47.00
165,489,48.90
166,483,48.30
167,482,48.20
168,487,48.70
169,456,45.60
170,490,49.00
171,464,46.40
172,481,48.10
173,473,47.30
174,508,50.80
175,476,47.60
176,486,48.60
177,477,47.70
178,478,47.80
179,466,46.60
180,491,49.10
181,453,45.30
182,477,47.70
183,509,50.90
184,480,48.00
185,471,47.10
186,469,46.90
187,496,49.60
188,457,45.70
189,467,46.70
190,462,46.20
191,495,49.50
192,454,45.40
193,496,49.60
194,490,49.00
195,470,47.00
196,476,47.60
197,471,47.10
198,477,47.70
199,468,46.80
200,483,48.30
201,506,50.60
202,480,48.00
203,489,48.90
204,484,48.40
205,492,49.20
206,502,50.20
207,482,48.20
208,483,48.30
209,494,49.40
210,486,48.60
211,502,50.20
212,485,48.50
213,472,47.20
214,509,50.90
215,481,48.10
216,458,45.80
217,497,49.70
218,481,48.10
219,472,47.20
220,438,43.80
221,490,49.00
222,459,45.90
223,481,48.10
224,496,49.60
225,482,48.20
226,465,46.50
227,482,48.20
228,485,48.50
229,474,47.40
230,446,44.60
231,453,45.30
232,482,48.20
233,483,48.30
234,474,47.40
235,451,45.10
236,495,49.50
237,464,46.40
238,474,47.40
239,475,47.50
240,467,46.70
241,491,49.10
242,462,46.20
243,517,51.70
244,459,45.90
245,460,46.00
246,477,47.70
247,494,49.40
248,504,50.40
249,463,46.30
250,486,48.60
251,498,49.80
252,469,46.90
253,501,50.10
254,497,49.70
255,493,49.30
256,442,44.20
257,491,49.10
258,485,48.50
259,484,48.40
260,483,48.30
261,474,47.40
262,458,45.80
263,484,48.40
264,466,46.60
265,484,48.40
266,465,46.50
267,497,49.70
268,504,50.40
269,496,49.60
270,497,49.70
271,468,46.80
272,456,45.60
273,482,48.20
274,473,47.30
275,501,50.10
276,454,45.40
277,484,48.40
278,490,49.00
279,499,49.90
280,454,45.40
281,489,48.90
282,526,52.60
283,495,49.50
284,470,47.00
285,524,52.40
286,497,49.70
287,474,47.40
288,510,51.00
289,485,48.50
290,457,45.70
291,467,46.70
292,469,46.90
293,484,48.40
294,510,51.00
295,476,47.60
296,479,47.90
297,502,50.20
298,486,48.60
299,449,44.90
300,477,47.70
301,466,46.60
302,478,47.80
303,489,48.90
304,479,47.90
305,459,45.90
306,464,46.40
307,458,45.80
308,451,45.10
309,488,48.80
310,468,46.80
311,484,48.40
312,510,51.00
313,453,45.30
314,475,47.50
315,475,47.50
316,469,46.90
317,464,46.40
318,480,48.00
319,487,48.70
320,459,45.90
321,492,49.20
322,454,45.40
323,470,47.00
324,498,49.80
325,459,45.90
326,477,47.70
327,510,51.00
328,462,46.20
329,458,45.80
330,479,47.90
331,466,46.60
332,472,47.20
333,486,48.60
334,477,47.70
335,473,47.30
336,439,43.90
337,484,48.40
338,482,48.20
339,491,49.10
340,478,47.80
341,463,46.30
342,460,46.00
343,502,50.20
344,454,45.40
345,491,49.10
346,477,47.70
347,485,48.50
348,454,45.40
349,476,47.60
350,478,47.80
351,432,43.20
352,513,51.30
353,485,48.50
354,442,44.20
355,461,46.10
356,461,46.10
357,457,45.70
358,497,49.70
359,449,44.90
360,502,50.20
361,479,47.90
362,496,49.60
363,458,45.80
364,494,49.40
365,480,48.00
366,454,45.40
367,436,43.60
368,477,47.70
369,499,49.90
370,452,45.20
371,477,47.70
372,476,47.60
373,495,49.50
374,480,48.00
375,475,47.50
376,467,46.70
377,504,50.40
378,477,47.70
379,479,47.90
380,457,45.70
381,480,48.00
382,475,47.50
383,498,49.80
384,517,51.70
385,476,47.60
386,468,46.80
387,497,49.70
388,487,48.70
389,467,46.70
390,484,48.40
391,472,47.20
392,468,46.80
393,474,47.40
394,484,48.40
395,457,45.70
396,460,46.00
397,488,48.80
398,445,44.50
399,446,44.60
400,465,46.50
401,493,49.30
402,459,45.90
403,463,46.30
404,480,48.00
405,443,44.30
406,451,45.10
407,449,44.90
408,479,47.90
409,464,46.40
410,462,46.20
411,472,47.20
412,461,46.10
413,478,47.80
414,466,46.60
415,449,44.90
416,456,45.60
417,467,46.70
418,501,50.10
419,487,48.70
420,446,44.60
421,463,46.30
422,472,47.20
423,471,47.10
424,471,47.10
425,460,46.00
426,470,47.00
427,465,46.50
428,468,46.80
429,486,48.60
430,481,48.10
431,452,45.20
432,486,48.60
433,465,46.50
434,480,48.00
435,465,46.50
436,473,47.30
437,477,47.70
438,461,46.10
439,459,45.90
440,477,47.70
441,452,45.20
442,457,45.70
443,478,47.80
444,455,45.50
445,484,48.40
446,478,47.80
447,482,48.20
448,471,47.10
449,457,45.70
450,477,47.70
451,482,48.20
452,480,48.00
453,460,46.00
454,464,46.40
455,422,42.20
456,476,47.60
457,460,46.00
458,466,46.60
459,497,49.70
460,475,47.50
461,463,46.30
462,479,47.90
463,470,47.00
464,504,50.40
465,509,50.90
466,475,47.50
467,488,48.80
468,471,47.10
469,447,44.70
470,447,44.70
471,473,47.30
472,487,48.70
473,481,48.10
474,490,49.00
475,487,48.70
476,476,47.60
477,493,49.30
478,508,50.80
479,469,46.90
480,469,46.90
481,473,47.30
482,493,49.30
483,474,47.40
484,469,46.90
485,464,46.40
486,468,46.80
487,486,48.60
488,469,46.90
489,470,47.00
490,484,48.40
491,463,46.30
492,477,47.70
493,458,45.80
494,493,49.30
495,482,48.20
496,476,47.60
497,484,48.40
498,486,48.60
499,477,47.70
500,500,50.00
501,460,46.00
502,472,47.20
503,460,46.00
504,457,45.70
505,489,48.90
506,458,45.80
507,481,48.10
508,445,44.50
509,467,46.70
510,499,49.90
511,476,47.60
512,474,47.40
513,452,45.20
514,484,48.40
515,489,48.90
516,463,46.30
517,449,44.90
518,460,46.00
519,487,48.70
520,464,46.40
521,468,46.80
522,453,45.30
523,494,49.40
524,473,47.30
525,484,48.40
526,498,49.80
527,464,46.40
528,470,47.00
529,472,47.20
530,511,51.10
531,453,45.30
532,462,46.20
533,507,50.70
534,465,46.50
535,452,45.20
536,473,47.30
537,448,44.80
538,460,46.00
539,469,46.90
540,510,51.00
541,473,47.30
542,462,46.20
543,526,52.60
544,479,47.90
545,470,47.00
546,446,44.60
547,488,48.80
548,489,48.90
549,467,46.70
550,496,49.60
551,473,47.30
552,465,46.50
553,499,49.90
554,490,49.00
555,505,50.50
556,478,47.80
557,501,50.10
558,472,47.20
559,514,51.40
560,476,47.60
561,474,47.40
562,473,47.30
563,484,48.40
564,465,46.50
565,447,44.70
566,474,47.40
567,478,47.80
568,487,48.70
569,473,47.30
570,475,47.50
571,450,45.00
572,501,50.10
573,502,50.20
574,491,49.10
575,506,50.60
576,481,48.10
577,526,52.60
578,468,46.80
579,488,48.80
580,470,47.00
581,512,51.20
582,524,52.40
583,515,51.50
584,484,48.40
585,473,47.30
586,474,47.40
587,461,46.10
588,508,50.80
589,475,47.50
590,491,49.10
591,455,45.50
592,506,50.60
593,484,48.40
594,497,49.70
595,484,48.40
596,472,47.20
597,506,50.60
598,458,45.80
599,500,50.00
600,493,49.30
601,480,48.00
602,482,48.20
603,488,48.80
604,495,49.50
605,480,48.00
606,478,47.80
607,471,47.10
608,476,47.60
609,485,48.50
610,451,45.10
611,467,46.70
612,476,47.60
613,492,49.20
614,472,47.20
615,511,51.10
616,477,47.70
617,499,49.90
618,506,50.60
619,472,47.20
620,462,46.20
621,496,49.60
622,487,48.70
623,484,48.40
624,485,48.50
625,510,51.00
626,488,48.80
627,491,49.10
628,500,50.00
629,454,45.40
630,470,47.00
631,445,44.50
632,455,45.50
633,466,46.60
634,474,47.40
635,528,52.80
636,492,49.20
637,517,51.70
638,477,47.70
639,462,46.20
640,458,45.80
641,503,50.30
642,462,46.20
643,499,49.90
644,499,49.90
645,491,49.10
646,488,48.80
647,462,46.20
648,487,48.70
649,469,46.90
650,480,48.00
651,481,48.10
652,478,47.80
653,500,50.00
654,484,48.40
655,497,49.70
656,466,46.60
657,491,49.10
658,472,47.20
659,513,51.30
660,500,50.00
661,487,48.70
662,488,48.80
663,474,47.40
664,481,48.10
665,475,47.50
666,476,47.60
667,494,49.40
668,503,50.30
669,476,47.60
670,481,48.10
671,475,47.50
672,488,48.80
673,507,50.70
674,483,48.30
675,483,48.30
676,480,48.00
677,509,50.90
678,469,46.90
679,490,49.00
680,480,48.00
681,462,46.20
682,492,49.20
683,482,48.20
684,490,49.00
685,490,49.00
686,498,49.80
687,480,48.00
688,474,47.40
689,482,48.20
690,463,46.30
691,501,50.10
692,492,49.20
693,501,50.10
694,478,47.80
695,489,48.90
696,486,48.60
697,505,50.50
698,484,48.40
699,492,49.20
700,495,49.50
701,493,49.30
702,476,47.60
703,502,50.20
704,486,48.60
705,464,46.40
706,481,48.10
707,473,47.30
708,499,49.90
709,507,50.70
710,469,46.90
711,494,49.40
712,499,49.90
713,493,49.30
714,496,49.60
715,507,50.70
716,478,47.80
717,500,50.00
718,489,48.90
719,493,49.30
720,486,48.60
721,494,49.40
722,496,49.60
723,497,49.70
724,471,47.10
725,487,48.70
726,508,50.80
727,483,48.30
728,472,47.20
729,507,50.70
730,481,48.10
731,493,49.30
732,492,49.20
733,494,49.40
734,482,48.20
735,480,48.00
736,483,48.30
737,485,48.50
738,493,49.30
739,478,47.80
740,487,48.70
741,471,47.10
742,476,47.60
743,488,48.80
744,479,47.90
745,474,47.40
746,481,48.10
747,499,49.90
748,476,47.60
749,478,47.80
750,453,45.30
751,490,49.00
752,471,47.10
753,477,47.70
754,483,48.30
755,497,49.70
756,490,49.00
757,506,50.60
758,476,47.60
759,478,47.80
760,501,50.10
761,499,49.90
762,448,44.80
763,482,48.20
764,513,51.30
765,474,47.40
766,475,47.50
767,496,49.60
768,489,48.90
769,492,49.20
770,460,46.00
771,490,49.00
772,494,49.40
773,485,48.50
774,475,47.50
775,473,47.30
776,469,46.90
777,500,50.00
778,482,48.20
779,506,50.60
780,465,46.50
781,467,46.70
782,482,48.20
783,479,47.90
784,482,48.20
785,484,48.40
786,494,49.40
787,474,47.40
788,497,49.70
789,483,48.30
790,492,49.20
791,488,48.80
792,505,50.50
793,481,48.10
794,496,49.60
795,478,47.80
796,529,52.90
797,481,48.10
798,488,48.80
799,487,48.70
800,463,46.30
801,484,48.40
802,469,46.90
803,490,49.00
804,486,48.60
805,478,47.80
806,489,48.90
807,515,51.50
808,486,48.60
809,488,48.80
810,469,46.90
811,498,49.80
812,501,50.10
813,515,51.50
814,480,48.00
815,456,45.60
816,470,47.00
817,479,47.90
818,499,49.90
819,488,48.80
820,527,52.70
821,479,47.90
822,476,47.60
823,479,47.90
824,455,45.50
825,482,48.20
826,512,51.20
827,479,47.90
828,495,49.50
829,480,48.00
830,517,51.70
831,467,46.70
832,478,47.80
833,471,47.10
834,482,48.20
835,514,51.40
836,509,50.90
837,485,48.50
838,504,50.40
839,499,49.90
840,476,47.60
841,494,49.40
842,499,49.90
843,494,49.40
844,499,49.90
845,450,45.00
846,493,49.30
847,498,49.80
848,520,52.00
849,462,46.20
850,467,46.70
851,481,48.10
852,492,49.20
853,471,47.10
854,465,46.50
855,499,49.90
856,477,47.70
857,506,50.60
858,477,47.70
859,455,45.50
860,491,49.10
861,463,46.30
862,448,44.80
863,487,48.70
864,493,49.30
865,490,49.00
866,456,45.60
867,487,48.70
868,490,49.00
869,506,50.60
870,478,47.80
871,496,49.60
872,490,49.00
873,480,48.00
874,513,51.30
875,502,50.20
876,484,48.40
877,464,46.40
878,467,46.70
879,503,50.30
880,494,49.40
881,481,48.10
882,483,48.30
883,485,48.50
884,475,47.50
885,479,47.90
886,475,47.50
887,483,48.30
888,471,47.10
889,516,51.60
890,476,47.60
891,491,49.10
892,515,51.50
893,506,50.60
894,485,48.50
895,500,50.00
896,486,48.60
897,474,47.40
898,506,50.60
899,462,46.20
900,463,46.30
901,467,46.70
902,459,45.90
903,451,45.10
904,517,51.70
905,489,48.90
906,483,48.30
907,488,48.80
908,500,50.00
909,445,44.50
910,479,47.90
911,504,50.40
912,498,49.80
913,482,48.20
914,514,51.40
915,481,48.10
916,479,47.90
917,461,46.10
918,506,50.60
919,470,47.00
920,496,49.60
921,485,48.50
922,479,47.90
923,488,48.80
924,505,50.50
925,486,48.60
926,459,45.90
927,470,47.00
928,484,48.40
929,519,51.90
930,484,48.40
931,481,48.10
932,482,48.20
933,475,47.50
934,477,47.70
935,488,48.80
936,490,49.00
937,476,47.60
938,451,45.10
939,470,47.00
940,490,49.00
941,452,45.20
942,495,49.50
943,492,49.20
944,483,48.30
945,500,50.00
946,496,49.60
947,499,49.90
948,502,50.20
949,487,48.70
950,480,48.00
951,508,50.80
952,475,47.50
953,480,48.00
954,473,47.30
955,507,50.70
956,467,46.70
957,499,49.90
958,501,50.10
959,492,49.20
960,485,48.50
961,472,47.20
962,503,50.30
963,491,49.10
964,476,47.60
965,469,46.90
966,469,46.90
967,504,50.40
968,510,51.00
969,491,49.10
970,481,48.10
971,483,48.30
972,499,49.90
973,483,48.30
974,489,48.90
975,509,50.90
976,481,48.10
977,486,48.60
978,465,46.50
979,514,51.40
980,488,48.80
981,475,47.50
982,478,47.80
983,472,47.20
984,523,52.30
985,481,48.10
986,489,48.90
987,455,45.50
988,468,46.80
989,482,48.20
990,491,49.10
991,483,48.30
992,496,49.60
993,483,48.30
994,472,47.20
995,477,47.70
996,475,47.50
997,492,49.20
998,514,51.40
999,472,47.20
1000,457,45.70
1001,489,48.90
1002,486,48.60
1003,496,49.60
1004,492,49.20
1005,475,47.50
1006,508,50.80
1007,463,46.30
1008,505,50.50
1009,484,48.40
1010,481,48.10
1011,473,47.30
1012,467,46.70
1013,474,47.40
1014,478,47.80
1015,459,45.90
1016,482,48.20
1017,514,51.40
1018,470,47.00
1019,509,50.90
1020,467,46.70
1021,479,47.90
1022,458,45.80
1023,491,49.10
1024,463,46.30
1025,492,49.20
1026,483,48.30
1027,483,48.30
1028,475,47.50
1029,486,48.60
1030,503,50.30
1031,455,45.50
1032,488,48.80
1033,491,49.10
1034,489,48.90
1035,505,50.50
1036,485,48.50
1037,489,48.90
1038,480,48.00
1039,518,51.80
1040,499,49.90
1041,475,47.50
1042,486,48.60
1043,481,48.10
1044,487,48.70
1045,495,49.50
1046,470,47.00
1047,524,52.40
1048,504,50.40
1049,476,47.60
1050,506,50.60
1051,467,46.70
1052,519,51.90
1053,484,48.40
1054,473,47.30
1055,514,51.40
1056,508,50.80
1057,502,50.20
1058,462,46.20
1059,507,50.70
1060,487,48.70
1061,492,49.20
1062,474,47.40
1063,445,44.50
1064,461,46.10
1065,471,47.10
1066,492,49.20
1067,465,46.50
1068,506,50.60
1069,512,51.20
1070,486,48.60
1071,489,48.90
1072,492,49.20
1073,482,48.20
1074,464,46.40
1075,496,49.60
1076,495,49.50
1077,487,48.70
1078,476,47.60
1079,503,50.30
1080,467,46.70
1081,493,49.30
1082,480,48.00
1083,490,49.00
1084,454,45.40
1085,490,49.00
1086,474,47.40
1087,471,47.10
1088,493,49.30
1089,480,48.00
1090,484,48.40
1091,477,47.70
1092,486,48.60
1093,498,49.80
1094,485,48.50
1095,491,49.10
1096,502,50.20
1097,472,47.20
1098,462,46.20
1099,486,48.60
1100,460,46.00
1101,497,49.70
1102,488,48.80
1103,485,48.50
1104,482,48.20
1105,497,49.70
1106,463,46.30
1107,467,46.70
1108,478,47.80
1109,502,50.20
1110,469,46.90
1111,496,49.60
1112,454,45.40
1113,461,46.10
1114,494,49.40
1115,489,48.90
1116,482,48.20
1117,468,46.80
1118,500,50.00
1119,484,48.40
1120,474,47.40
1121,464,46.40
1122,481,48.10
1123,493,49.30
1124,446,44.60
1125,490,49.00
1126,518,51.80
1127,489,48.90
1128,504,50.40
1129,497,49.70
1130,491,49.10
1131,481,48.10
1132,484,48.40
1133,456,45.60
1134,470,47.00
1135,477,47.70
1136,490,49.00
1137,460,46.00
1138,456,45.60
1139,481,48.10
1140,476,47.60
1141,469,46.90
1142,509,50.90
1143,481,48.10
1144,488,48.80
1145,510,51.00
1146,469,46.90
1147,477,47.70
1148,467,46.70
1149,494,49.40
1150,484,48.40
1151,489,48.90
1152,460,46.00
1153,481,48.10
1154,469,46.90
1155,492,49.20
1156,458,45.80
1157,470,47.00
1158,479,47.90
1159,502,50.20
1160,459,45.90
1161,465,46.50
1162,478,47.80
1163,488,48.80
1164,469,46.90
1165,474,47.40
1166,489,48.90
1167,476,47.60
1168,468,46.80
1169,459,45.90
1170,486,48.60
1171,492,49.20
1172,470,47.00
1173,469,46.90
1174,487,48.70
1175,454,45.40
1176,496,49.60
1177,473,47.30
1178,494,49.40
1179,496,49.60
1180,481,48.10
1181,465,46.50
1182,494,49.40
1183,477,47.70
1184,480,48.00
1185,476,47.60
1186,492,49.20
1187,475,47.50
1188,480,48.00
1189,495,49.50
1190,496,49.60
1191,489,48.90
1192,505,50.50
1193,488,48.80
1194,477,47.70
1195,512,51.20
1196,465,46.50
1197,476,47.60
1198,490,49.00
1199,483,48.30
1200,476,47.60
1201,482,48.20
1202,500,50.00
1203,491,49.10
1204,482,48.20
1205,467,46.70
1206,471,47.10
1207,467,46.70
1208,486,48.60
1209,486,48.60
1210,494,49.40
1211,484,48.40
1212,489,48.90
1213,484,48.40
1214,479,47.90
1215,481,48.10
1216,487,48.70
1217,470,47.00
1218,455,45.50
1219,482,48.20
1220,464,46.40
1221,486,48.60
1222,462,46.20
1223,485,48.50
1224,483,48.30
1225,473,47.30
1226,470,47.00
1227,483,48.30
1228,485,48.50
1229,484,48.40
1230,477,47.70
1231,454,45.40
1232,505,50.50
1233,471,47.10
1234,478,47.80
1235,480,48.00
1236,494,49.40
1237,480,48.00
1238,463,46.30
1239,481,48.10
1240,484,48.40
1241,456,45.60
1242,493,49.30
1243,468,46.80
1244,492,49.20
1245,486,48.60
1246,497,49.70
1247,497,49.70
1248,500,50.00
1249,505,50.50
1250,473,47.30
1251,490,49.00
1252,454,45.40
1253,494,49.40
1254,489,48.90
1255,460,46.00
1256,472,47.20
1257,493,49.30
1258,486,48.60
1259,472,47.20
1260,463,46.30
1261,480,48.00
1262,463,46.30
1263,473,47.30
1264,476,47.60
1265,459,45.90
1266,476,47.60
1267,472,47.20
1268,511,51.10
1269,454,45.40
1270,466,46.60
1271,447,44.70
1272,477,47.70
1273,507,50.70
1274,473,47.30
1275,456,45.60
1276,464,46.40
1277,489,48.90
1278,475,47.50
1279,468,46.80
1280,470,47.00
1281,455,45.50
1282,504,50.40
1283,503,50.30
1284,474,47.40
1285,482,48.20
1286,472,47.20
1287,488,48.80
1288,483,48.30
1289,499,49.90
1290,467,46.70
1291,461,46.10
1292,471,47.10
1293,489,48.90
1294,462,46.20
1295,476,47.60
1296,466,46.60
1297,477,47.70
1298,492,49.20
1299,491,49.10
1300,478,47.80
1301,480,48.00
1302,456,45.60
1303,478,47.80
1304,476,47.60
1305,472,47.20
1306,469,46.90
1307,466,46.60
1308,448,44.80
1309,491,49.10
1310,476,47.60
1311,481,48.10
1312,466,46.60
1313,469,46.90
1314,472,47.20
1315,465,46.50
1316,480,48.00
1317,483,48.30
1318,465,46.50
1319,490,49.00
1320,465,46.50
1321,460,46.00
1322,471,47.10
1323,450,45.00
1324,469,46.90
1325,479,47.90
1326,462,46.20
1327,473,47.30
1328,461,46.10
1329,505,50.50
1330,469,46.90
1331,487,48.70
1332,471,47.10
1333,481,48.10
1334,454,45.40
1335,467,46.70
1336,487,48.70
1337,468,46.80
1338,476,47.60
1339,467,46.70
1340,474,47.40
1341,489,48.90
1342,491,49.10
1343,488,48.80
1344,476,47.60
1345,479,47.90
1346,500,50.00
1347,470,47.00
1348,483,48.30
1349,472,47.20
1350,480,48.00
1351,472,47.20
1352,498,49.80
1353,455,45.50
1354,452,45.20
1355,468,46.80
1356,478,47.80
1357,483,48.30
1358,480,48.00
1359,491,49.10
1360,470,47.00
1361,500,50.00
1362,473,47.30
1363,459,45.90
1364,465,46.50
1365,466,46.60
1366,488,48.80
1367,498,49.80
1368,478,47.80
1369,470,47.00
1370,482,48.20
1371,474,47.40
1372,499,49.90
1373,505,50.50
1374,488,48.80
1375,522,52.20
1376,472,47.20
1377,471,47.10
1378,477,47.70
1379,467,46.70
1380,482,48.20
1381,510,51.00
1382,494,49.40
1383,450,45.00
1384,469,46.90
1385,485,48.50
1386,490,49.00
1387,482,48.20
1388,477,47.70
1389,488,48.80
1390,464,46.40
1391,447,44.70
1392,484,48.40
1393,450,45.00
1394,468,46.80
1395,484,48.40
1396,474,47.40
1397,463,46.30
1398,478,47.80
1399,484,48.40
1400,471,47.10
1401,505,50.50
1402,471,47.10
1403,490,49.00
1404,480,48.00
1405,486,48.60
1406,489,48.90
1407,476,47.60
1408,462,46.20
1409,473,47.30
1410,467,46.70
1411,466,46.60
1412,486,48.60
1413,502,50.20
1414,486,48.60
1415,499,49.90
1416,513,51.30
1417,518,51.80
1418,465,46.50
1419,487,48.70
1420,475,47.50
1421,491,49.10
1422,476,47.60
1423,497,49.70
1424,449,44.90
1425,491,49.10
1426,494,49.40
1427,461,46.10
1428,465,46.50
1429,493,49.30
1430,500,50.00
1431,469,46.90
1432,477,47.70
1433,512,51.20
1434,498,49.80
1435,483,48.30
1436,494,49.40
1437,464,46.40
1438,484,48.40
1439,502,50.20
1440,468,46.80
1441,483,48.30
1442,468,46.80
1443,451,45.10
1444,528,52.80
1445,475,47.50
1446,488,48.80
1447,464,46.40
1448,489,48.90
1449,477,47.70
1450,470,47.00
1451,486,48.60
1452,481,48.10
1453,469,46.90
1454,460,46.00
1455,500,50.00
1456,493,49.30
1457,528,52.80
1458,514,51.40
1459,487,48.70
1460,499,49.90
1461,487,48.70
1462,474,47.40
1463,456,45.60
1464,503,50.30
1465,479,47.90
1466,478,47.80
1467,454,45.40
1468,494,49.40
1469,470,47.00
1470,459,45.90
1471,487,48.70
1472,495,49.50
1473,459,45.90
1474,477,47.70
1475,476,47.60
1476,490,49.00
1477,492,49.20
1478,464,46.40
1479,448,44.80
1480,462,46.20
1481,465,46.50
1482,483,48.30
1483,471,47.10
1484,494,49.40
1485,466,46.60
1486,509,50.90
1487,456,45.60
1488,482,48.20
1489,490,49.00
1490,463,46.30
1491,485,48.50
1492,471,47.10
1493,476,47.60
1494,481,48.10
1495,485,48.50
1496,476,47.60
1497,489,48.90
1498,463,46.30
1499,454,45.40
