bucket,wins,win_rate
0,516,51.60
1,471,47.10
2,510,51.00
3,506,50.60
4,506,50.60
5,467,46.70
6,501,50.10
7,490,49.00
8,481,48.10
9,499,49.90
10,487,48.70
11,472,47.20
12,495,49.50
13,476,47.60
14,489,48.90
15,502,50.20
16,518,51.80
17,513,51.30
18,480,48.00
19,462,46.20
20,483,48.30
21,475,47.50
22,480,48.00
23,467,46.70
24,486,48.60
25,487,48.70
26,489,48.90
27,475,47.50
28,479,47.90
29,495,49.50
30,467,46.70
31,469,46.90
32,467,46.70
33,492,49.20
34,491,49.10
35,496,49.60
36,464,46.40
37,496,49.60
38,508,50.80
39,486,48.60
40,498,49.80
41,493,49.30
42,471,47.10
43,517,51.70
44,483,48.30
45,496,49.60
46,545,54.50
47,487,48.70
48,479,47.90
49,479,47.90
50,478,47.80
51,507,50.70
52,475,47.50
53,474,47.40
54,470,47.00
55,487,48.70
56,480,48.00
57,464,46.40
58,485,48.50
59,499,49.90
60,486,48.60
61,490,49.00
62,495,49.50
63,483,48.30
64,465,46.50
65,475,47.50
66,477,47.70
67,494,49.40
68,491,49.10
69,463,46.30
70,482,48.20
71,485,48.50
72,489,48.90
73,499,49.90
74,501,50.10
75,502,50.20
76,487,48.70
77,478,47.80
78,477,47.70
79,472,47.20
80,489,48.90
81,472,47.20
82,508,50.80
83,486,48.60
84,503,50.30
85,479,47.90
86,472,47.20
87,455,45.50
88,479,47.90
89,482,48.20
90,467,46.70
91,486,48.60
92,485,48.50
93,477,47.70
94,496,49.60
95,504,50.40
96,460,46.00
97,453,45.30
98,467,46.70
99,466,46.60
100,502,50.20
101,465,46.50
102,495,49.50
103,488,48.80
104,475,47.50
105,501,50.10
106,481,48.10
107,501,50.10
108,503,50.30
109,514,51.40
110,488,48.80
111,476,47.60
112,471,47.10
113,506,50.60
114,496,49.60
115,481,48.10
116,457,45.70
117,486,48.60
118,475,47.50
119,469,46.90
120,509,50.90
121,452,45.20
122,482,48.20
123,509,50.90
124,484,48.40
125,477,47.70
126,476,47.60
127,502,50.20
128,465,46.50
129,471,47.10
130,502,50.20
131,454,45.40
132,513,51.30
133,485,48.50
134,494,49.40
135,465,46.50
136,494,49.40
137,470,47.00
138,470,47.00
139,482,48.20
140,472,47.20
141,469,46.90
142,477,47.70
143,468,46.80
144,470,47.00
145,453,45.30
146,464,46.40
147,468,46.80
148,474,47.40
149,489,48.90
150,488,48.80
151,493,49.30
152,497,49.70
153,477,47.70
154,470,47.00
155,480,48.00
156,507,50.70
157,486,48.60
158,512,51.20
159,498,49.80
160,470,47.00
161,491,49.10
162,479,47.90
163,485,48.50
164,480,48.00
165,510,51.00
166,485,48.50
167,483,48.30
168,510,51.00
169,502,50.20
170,477,47.70
171,513,51.30
172,496,49.60
173,499,49.90
174,506,50.60
175,482,48.20
176,498,49.80
177,495,49.50
178,468,46.80
179,488,48.80
180,509,50.90
181,506,50.60
182,483,48.30
183,466,46.60
184,487,48.70
185,484,48.40
186,486,48.60
187,490,49.00
188,492,49.20
189,465,46.50
190,503,50.30
191,491,49.10
192,486,48.60
193,489,48.90
194,463,46.30
195,495,49.50
196,477,47.70
197,495,49.50
198,488,48.80
199,481,48.10
200,483,48.30
201,500,50.00
202,470,47.00
203,485,48.50
204,488,48.80
205,480,48.00
206,488,48.80
207,482,48.20
208,460,46.00
209,484,48.40
210,486,48.60
211,498,49.80
212,512,51.20
213,485,48.50
214,491,49.10
215,503,50.30
216,505,50.50
217,503,50.30
218,487,48.70
219,473,47.30
220,502,50.20
221,482,48.20
222,509,50.90
223,479,47.90
224,480,48.00
225,486,48.60
226,451,45.10
227,469,46.90
228,463,46.30
229,482,48.20
230,475,47.50
231,493,49.30
232,489,48.90
233,481,48.10
234,466,46.60
235,490,49.00
236,518,51.80
237,483,48.30
238,479,47.90
239,494,49.40
240,496,49.60
241,468,46.80
242,496,49.60
243,479,47.90
244,473,47.30
245,454,45.40
246,493,49.30
247,488,48.80
248,476,47.60
249,491,49.10
250,497,49.70
251,483,48.30
252,464,46.40
253,464,46.40
254,497,49.70
255,467,46.70
256,486,48.60
257,473,47.30
258,486,48.60
259,487,48.70
260,483,48.30
261,490,49.00
262,476,47.60
263,484,48.40
264,487,48.70
265,463,46.30
266,507,50.70
267,499,49.90
268,523,52.30
269,467,46.70
270,513,51.30
271,454,45.40
272,488,48.80
273,474,47.40
274,514,51.40
275,478,47.80
276,501,50.10
277,483,48.30
278,487,48.70
279,465,46.50
280,481,48.10
281,500,50.00
282,484,48.40
283,480,48.00
284,499,49.90
285,488,48.80
286,469,46.90
287,480,48.00
288,482,48.20
289,482,48.20
290,488,48.80
291,490,49.00
292,471,47.10
293,478,47.80
294,510,51.00
295,461,46.10
296,478,47.80
297,488,48.80
298,480,48.00
299,461,46.10
300,466,46.60
301,496,49.60
302,464,46.40
303,485,48.50
304,490,49.00
305,515,51.50
306,480,48.00
307,460,46.00
308,467,46.70
309,512,51.20
310,455,45.50
311,505,50.50
312,469,46.90
313,460,46.00
314,482,48.20
315,481,48.10
316,502,50.20
317,465,46.50
318,478,47.80
319,497,49.70
320,485,48.50
321,481,48.10
322,484,48.40
323,498,49.80
324,493,49.30
325,483,48.30
326,490,49.00
327,479,47.90
328,500,50.00
329,471,47.10
330,487,48.70
331,481,48.10
332,495,49.50
333,452,45.20
334,480,48.00
335,500,50.00
336,487,48.70
337,473,47.30
338,489,48.90
339,497,49.70
340,486,48.60
341,477,47.70
342,481,48.10
343,470,47.00
344,481,48.10
345,475,47.50
346,519,51.90
347,461,46.10
348,480,48.00
349,526,52.60
350,513,51.30
351,523,52.30
352,498,49.80
353,463,46.30
354,494,49.40
355,493,49.30
356,453,45.30
357,482,48.20
358,499,49.90
359,498,49.80
360,490,49.00
361,499,49.90
362,498,49.80
363,477,47.70
364,522,52.20
365,494,49.40
366,485,48.50
367,495,49.50
368,496,49.60
369,485,48.50
370,489,48.90
371,498,49.80
372,500,50.00
373,464,46.40
374,491,49.10
375,494,49.40
376,472,47.20
377,456,45.60
378,486,48.60
379,464,46.40
380,491,49.10
381,473,47.30
382,488,48.80
383,478,47.80
384,475,47.50
385,491,49.10
386,458,45.80
387,477,47.70
388,461,46.10
389,475,47.50
390,503,50.30
391,484,48.40
392,476,47.60
393,475,47.50
394,496,49.60
395,488,48.80
396,468,46.80
397,501,50.10
398,454,45.40
399,480,48.00
400,472,47.20
401,465,46.50
402,450,45.00
403,477,47.70
404,483,48.30
405,482,48.20
406,462,46.20
407,489,48.90
408,478,47.80
409,467,46.70
410,502,50.20
411,472,47.20
412,455,45.50
413,500,50.00
414,477,47.70
415,476,47.60
416,490,49.00
417,499,49.90
418,479,47.90
419,460,46.00
420,501,50.10
421,465,46.50
422,485,48.50
423,508,50.80
424,490,49.00
425,467,46.70
426,467,46.70
427,488,48.80
428,488,48.80
429,498,49.80
430,479,47.90
431,455,45.50
432,510,51.00
433,488,48.80
434,479,47.90
435,469,46.90
436,472,47.20
437,519,51.90
438,538,53.80
439,503,50.30
440,491,49.10
441,473,47.30
442,486,48.60
443,471,47.10
444,517,51.70
445,472,47.20
446,495,49.50
447,470,47.00
448,501,50.10
449,500,50.00
450,503,50.30
451,484,48.40
452,500,50.00
453,448,44.80
454,501,50.10
455,476,47.60
456,471,47.10
457,494,49.40
458,449,44.90
459,479,47.90
460,449,44.90
461,497,49.70
462,505,50.50
463,483,48.30
464,518,51.80
465,474,47.40
466,455,45.50
467,472,47.20
468,456,45.60
469,462,46.20
470,481,48.10
471,471,47.10
472,478,47.80
473,505,50.50
474,504,50.40
475,479,47.90
476,492,49.20
477,482,48.20
478,467,46.70
479,470,47.00
480,461,46.10
481,498,49.80
482,457,45.70
483,468,46.80
484,518,51.80
485,496,49.60
486,477,47.70
487,461,46.10
488,491,49.10
489,498,49.80
490,492,49.20
491,488,48.80
492,474,47.40
493,459,45.90
494,490,49.00
495,485,48.50
496,487,48.70
497,462,46.20
498,484,48.40
499,489,48.90
500,496,49.60
501,485,48.50
502,479,47.90
503,473,47.30
504,488,48.80
505,499,49.90
506,495,49.50
507,483,48.30
508,486,48.60
509,471,47.10
510,518,51.80
511,460,46.00
512,490,49.00
513,471,47.10
514,483,48.30
515,475,47.50
516,490,49.00
517,505,50.50
518,504,50.40
519,484,48.40
520,468,46.80
521,483,48.30
522,481,48.10
523,480,48.00
524,444,44.40
525,476,47.60
526,456,45.60
527,454,45.40
528,504,50.40
529,456,45.60
530,468,46.80
531,482,48.20
532,487,48.70
533,483,48.30
534,476,47.60
535,500,50.00
536,467,46.70
537,500,50.00
538,489,48.90
539,471,47.10
540,498,49.80
541,464,46.40
542,498,49.80
543,500,50.00
544,485,48.50
545,486,48.60
546,468,46.80
547,505,50.50
548,486,48.60
549,512,51.20
550,505,50.50
551,515,51.50
552,499,49.90
553,502,50.20
554,499,49.90
555,497,49.70
556,489,48.90
557,515,51.50
558,506,50.60
559,522,52.20
560,503,50.30
561,491,49.10
562,485,48.50
563,476,47.60
564,472,47.20
565,495,49.50
566,486,48.60
567,470,47.00
568,479,47.90
569,476,47.60
570,485,48.50
571,502,50.20
572,463,46.30
573,457,45.70
574,494,49.40
575,497,49.70
576,514,51.40
577,473,47.30
578,481,48.10
579,483,48.30
580,461,46.10
581,490,49.00
582,485,48.50
583,437,43.70
584,467,46.70
585,480,48.00
586,472,47.20
587,492,49.20
588,465,46.50
589,480,48.00
590,537,53.70
591,488,48.80
592,477,47.70
593,498,49.80
594,477,47.70
595,474,47.40
596,478,47.80
597,523,52.30
598,470,47.00
599,486,48.60
600,515,51.50
601,519,51.90
602,504,50.40
603,483,48.30
604,480,48.00
605,513,51.30
606,504,50.40
607,501,50.10
608,475,47.50
609,470,47.00
610,472,47.20
611,489,48.90
612,478,47.80
613,485,48.50
614,506,50.60
615,499,49.90
616,450,45.00
617,510,51.00
618,485,48.50
619,484,48.40
620,479,47.90
621,455,45.50
622,463,46.30
623,474,47.40
624,459,45.90
625,473,47.30
626,484,48.40
627,462,46.20
628,491,49.10
629,490,49.00
630,493,49.30
631,470,47.00
632,473,47.30
633,487,48.70
634,487,48.70
635,477,47.70
636,474,47.40
637,468,46.80
638,459,45.90
639,496,49.60
640,481,48.10
641,497,49.70
642,478,47.80
643,499,49.90
644,467,46.70
645,482,48.20
646,472,47.20
647,480,48.00
648,493,49.30
649,496,49.60
650,473,47.30
651,493,49.30
652,460,46.00
653,477,47.70
654,491,49.10
655,478,47.80
656,456,45.60
657,510,51.00
658,489,48.90
659,483,48.30
660,461,46.10
661,527,52.70
662,502,50.20
663,490,49.00
664,482,48.20
665,481,48.10
666,455,45.50
667,486,48.60
668,513,51.30
669,505,50.50
670,465,46.50
671,470,47.00
672,475,47.50
673,480,48.00
674,465,46.50
675,495,49.50
676,460,46.00
677,461,46.10
678,495,49.50
679,477,47.70
680,456,45.60
681,486,48.60
682,472,47.20
683,483,48.30
684,507,50.70
685,479,47.90
686,518,51.80
687,475,47.50
688,496,49.60
689,513,51.30
690,497,49.70
691,505,50.50
692,493,49.30
693,480,48.00
694,481,48.10
695,474,47.40
696,485,48.50
697,474,47.40
698,476,47.60
699,498,49.80
700,522,52.20
701,476,47.60
702,498,49.80
703,437,43.70
704,495,49.50
705,484,48.40
706,513,51.30
707,510,51.00
708,470,47.00
709,479,47.90
710,474,47.40
711,498,49.80
712,474,47.40
713,498,49.80
714,485,48.50
715,468,46.80
716,476,47.60
717,484,48.40
718,480,48.00
719,497,49.70
720,478,47.80
721,494,49.40
722,487,48.70
723,469,46.90
724,477,47.70
725,486,48.60
726,499,49.90
727,493,49.30
728,511,51.10
729,495,49.50
730,508,50.80
731,479,47.90
732,466,46.60
733,463,46.30
734,465,46.50
735,477,47.70
736,487,48.70
737,455,45.50
738,502,50.20
739,496,49.60
740,474,47.40
741,476,47.60
742,470,47.00
743,486,48.60
744,500,50.00
745,494,49.40
746,458,45.80
747,489,48.90
748,497,49.70
749,474,47.40
750,455,45.50
751,489,48.90
752,501,50.10
753,472,47.20
754,474,47.40
755,492,49.20
756,486,48.60
757,468,46.80
758,471,47.10
759,487,48.70
760,490,49.00
761,491,49.10
762,476,47.60
763,493,49.30
764,478,47.80
765,498,49.80
766,481,48.10
767,460,46.00
768,517,51.70
769,485,48.50
770,451,45.10
771,484,48.40
772,511,51.10
773,463,46.30
774,489,48.90
775,477,47.70
776,489,48.90
777,500,50.00
778,481,48.10
779,502,50.20
780,491,49.10
781,472,47.20
782,452,45.20
783,497,49.70
784,491,49.10
785,519,51.90
786,496,49.60
787,468,46.80
788,479,47.90
789,497,49.70
790,478,47.80
791,486,48.60
792,485,48.50
793,488,48.80
794,487,48.70
795,491,49.10
796,486,48.60
797,514,51.40
798,467,46.70
799,505,50.50
800,484,48.40
801,484,48.40
802,476,47.60
803,496,49.60
804,491,49.10
805,460,46.00
806,474,47.40
807,481,48.10
808,489,48.90
809,490,49.00
810,480,48.00
811,467,46.70
812,475,47.50
813,502,50.20
814,473,47.30
815,469,46.90
816,479,47.90
817,481,48.10
818,521,52.10
819,497,49.70
820,491,49.10
821,472,47.20
822,455,45.50
823,490,49.00
824,456,45.60
825,507,50.70
826,502,50.20
827,486,48.60
828,478,47.80
829,473,47.30
830,492,49.20
831,486,48.60
832,476,47.60
833,461,46.10
834,500,50.00
835,498,49.80
836,472,47.20
837,479,47.90
838,462,46.20
839,478,47.80
840,479,47.90
841,504,50.40
842,450,45.00
843,476,47.60
844,483,48.30
845,491,49.10
846,464,46.40
847,452,45.20
848,506,50.60
849,498,49.80
850,497,49.70
851,463,46.30
852,496,49.60
853,487,48.70
854,494,49.40
855,477,47.70
856,490,49.00
857,475,47.50
858,507,50.70
859,500,50.00
860,471,47.10
861,479,47.90
862,469,46.90
863,497,49.70
864,491,49.10
865,484,48.40
866,497,49.70
867,484,48.40
868,486,48.60
869,458,45.80
870,509,50.90
871,491,49.10
872,460,46.00
873,477,47.70
874,495,49.50
875,514,51.40
876,458,45.80
877,491,49.10
878,475,47.50
879,480,48.00
880,509,50.90
881,497,49.70
882,473,47.30
883,491,49.10
884,481,48.10
885,484,48.40
886,500,50.00
887,493,49.30
888,456,45.60
889,466,46.60
890,493,49.30
891,490,49.00
892,478,47.80
893,487,48.70
894,482,48.20
895,491,49.10
896,459,45.90
897,506,50.60
898,473,47.30
899,499,49.90
900,467,46.70
901,467,46.70
902,508,50.80
903,464,46.40
904,513,51.30
905,510,51.00
906,484,48.40
907,501,50.10
908,508,50.80
909,492,49.20
910,477,47.70
911,489,48.90
912,488,48.80
913,472,47.20
914,508,50.80
915,484,48.40
916,478,47.80
917,477,47.70
918,478,47.80
919,489,48.90
920,477,47.70
921,478,47.80
922,502,50.20
923,487,48.70
924,478,47.80
925,477,47.70
926,510,51.00
927,485,48.50
928,482,48.20
929,510,51.00
930,516,51.60
931,525,52.50
932,502,50.20
933,457,45.70
934,485,48.50
935,483,48.30
936,477,47.70
937,484,48.40
938,499,49.90
939,475,47.50
940,490,49.00
941,480,48.00
942,487,48.70
943,478,47.80
944,497,49.70
945,499,49.90
946,476,47.60
947,504,50.40
948,508,50.80
949,494,49.40
950,501,50.10
951,479,47.90
952,456,45.60
953,490,49.00
954,506,50.60
955,496,49.60
956,501,50.10
957,473,47.30
958,498,49.80
959,477,47.70
960,494,49.40
961,459,45.90
962,472,47.20
963,473,47.30
964,477,47.70
965,471,47.10
966,466,46.60
967,464,46.40
968,517,51.70
969,486,48.60
970,504,50.40
971,480,48.00
972,458,45.80
973,502,50.20
974,487,48.70
975,490,49.00
976,476,47.60
977,473,47.30
978,487,48.70
979,480,48.00
980,482,48.20
981,473,47.30
982,480,48.00
983,473,47.30
984,469,46.90
985,476,47.60
986,461,46.10
987,484,48.40
988,517,51.70
989,471,47.10
990,490,49.00
991,468,46.80
992,473,47.30
993,493,49.30
994,477,47.70
995,497,49.70
996,482,48.20
997,496,49.60
998,489,48.90
999,489,48.90
1000,468,46.80
1001,464,46.40
1002,478,47.80
1003,504,50.40
1004,471,47.10
1005,478,47.80
1006,496,49.60
1007,479,47.90
1008,501,50.10
1009,473,47.30
1010,481,48.10
1011,472,47.20
1012,480,48.00
1013,501,50.10
1014,489,48.90
1015,473,47.30
1016,486,48.60
1017,479,47.90
1018,484,48.40
1019,480,48.00
1020,495,49.50
1021,490,49.00
1022,448,44.80
1023,499,49.90
1024,484,48.40
1025,499,49.90
1026,483,48.30
1027,481,48.10
1028,484,48.40
1029,480,48.00
1030,477,47.70
1031,460,46.00
1032,485,48.50
1033,476,47.60
1034,447,44.70
1035,480,48.00
1036,468,46.80
1037,484,48.40
1038,497,49.70
1039,503,50.30
1040,475,47.50
1041,502,50.20
1042,462,46.20
1043,465,46.50
1044,482,48.20
1045,462,46.20
1046,460,46.00
1047,477,47.70
1048,492,49.20
1049,468,46.80
1050,475,47.50
1051,483,48.30
1052,473,47.30
1053,481,48.10
1054,499,49.90
1055,503,50.30
1056,482,48.20
1057,446,44.60
1058,519,51.90
1059,464,46.40
1060,481,48.10
1061,483,48.30
1062,499,49.90
1063,488,48.80
1064,484,48.40
1065,468,46.80
1066,467,46.70
1067,452,45.20
1068,458,45.80
1069,493,49.30
1070,482,48.20
1071,478,47.80
1072,457,45.70
1073,481,48.10
1074,478,47.80
1075,477,47.70
1076,485,48.50
1077,501,50.10
1078,481,48.10
1079,492,49.20
1080,484,48.40
1081,464,46.40
1082,492,49.20
1083,488,48.80
1084,529,52.90
1085,469,46.90
1086,498,49.80
1087,483,48.30
1088,511,51.10
1089,475,47.50
1090,489,48.90
1091,463,46.30
1092,486,48.60
1093,515,51.50
1094,476,47.60
1095,457,45.70
1096,500,50.00
1097,509,50.90
1098,491,49.10
1099,463,46.30
1100,498,49.80
1101,460,46.00
1102,495,49.50
1103,487,48.70
1104,449,44.90
1105,502,50.20
1106,464,46.40
1107,507,50.70
1108,468,46.80
1109,503,50.30
1110,460,46.00
1111,481,48.10
1112,464,46.40
1113,483,48.30
1114,481,48.10
1115,502,50.20
1116,470,47.00
1117,474,47.40
1118,478,47.80
1119,505,50.50
1120,455,45.50
1121,497,49.70
1122,483,48.30
1123,504,50.40
1124,465,46.50
1125,480,48.00
1126,502,50.20
1127,467,46.70
1128,501,50.10
1129,500,50.00
1130,464,46.40
1131,457,45.70
1132,477,47.70
1133,494,49.40
1134,467,46.70
1135,444,44.40
1136,488,48.80
1137,462,46.20
1138,497,49.70
1139,483,48.30
1140,478,47.80
1141,463,46.30
1142,479,47.90
1143,501,50.10
1144,508,50.80
1145,454,45.40
1146,460,46.00
1147,486,48.60
1148,502,50.20
1149,487,48.70
1150,475,47.50
1151,471,47.10
1152,478,47.80
1153,497,49.70
1154,470,47.00
1155,488,48.80
1156,485,48.50
1157,468,46.80
1158,497,49.70
1159,471,47.10
1160,483,48.30
1161,452,45.20
1162,465,46.50
1163,483,48.30
1164,488,48.80
1165,499,49.90
1166,474,47.40
1167,523,52.30
1168,487,48.70
1169,486,48.60
1170,504,50.40
1171,496,49.60
1172,473,47.30
1173,494,49.40
1174,463,46.30
1175,501,50.10
1176,473,47.30
1177,494,49.40
1178,475,47.50
1179,474,47.40
1180,479,47.90
1181,456,45.60
1182,494,49.40
1183,507,50.70
1184,493,49.30
1185,475,47.50
1186,497,49.70
1187,470,47.00
1188,471,47.10
1189,496,49.60
1190,486,48.60
1191,495,49.50
1192,490,49.00
1193,502,50.20
1194,513,51.30
1195,472,47.20
1196,484,48.40
1197,471,47.10
1198,472,47.20
1199,475,47.50
1200,482,48.20
1201,469,46.90
1202,481,48.10
1203,508,50.80
1204,468,46.80
1205,515,51.50
1206,488,48.80
1207,509,50.90
1208,477,47.70
1209,501,50.10
1210,492,49.20
1211,475,47.50
1212,463,46.30
1213,499,49.90
1214,482,48.20
1215,460,46.00
1216,471,47.10
1217,458,45.80
1218,482,48.20
1219,493,49.30
1220,463,46.30
1221,507,50.70
1222,492,49.20
1223,459,45.90
1224,498,49.80
1225,482,48.20
1226,497,49.70
1227,473,47.30
1228,490,49.00
1229,466,46.60
1230,479,47.90
1231,487,48.70
1232,513,51.30
1233,475,47.50
1234,490,49.00
1235,496,49.60
1236,489,48.90
1237,458,45.80
1238,459,45.90
1239,473,47.30
1240,490,49.00
1241,471,47.10
1242,488,48.80
1243,477,47.70
1244,515,51.50
1245,465,46.50
1246,493,49.30
1247,481,48.10
1248,482,48.20
1249,464,46.40
1250,507,50.70
1251,459,45.90
1252,446,44.60
1253,486,48.60
1254,448,44.80
1255,477,47.70
1256,484,48.40
1257,501,50.10
1258,464,46.40
1259,466,46.60
1260,474,47.40
1261,504,50.40
1262,492,49.20
1263,474,47.40
1264,491,49.10
1265,478,47.80
1266,493,49.30
1267,482,48.20
1268,504,50.40
1269,474,47.40
1270,492,49.20
1271,504,50.40
1272,512,51.20
1273,519,51.90
1274,475,47.50
1275,493,49.30
1276,488,48.80
1277,472,47.20
1278,443,44.30
1279,454,45.40
1280,496,49.60
1281,479,47.90
1282,470,47.00
1283,492,49.20
1284,506,50.60
1285,470,47.00
1286,499,49.90
1287,501,50.10
1288,464,46.40
1289,475,47.50
1290,483,48.30
1291,494,49.40
1292,489,48.90
1293,513,51.30
1294,484,48.40
1295,478,47.80
1296,469,46.90
1297,477,47.70
1298,485,48.50
1299,451,45.10
1300,473,47.30
1301,490,49.00
1302,489,48.90
1303,498,49.80
1304,505,50.50
1305,488,48.80
1306,486,48.60
1307,490,49.00
1308,476,47.60
1309,481,48.10
1310,489,48.90
1311,480,48.00
1312,478,47.80
1313,499,49.90
1314,486,48.60
1315,468,46.80
1316,453,45.30
1317,465,46.50
1318,481,48.10
1319,472,47.20
1320,466,46.60
1321,496,49.60
1322,499,49.90
1323,472,47.20
1324,499,49.90
1325,498,49.80
1326,475,47.50
1327,473,47.30
1328,493,49.30
1329,481,48.10
1330,462,46.20
1331,473,47.30
1332,477,47.70
1333,464,46.40
1334,466,46.60
1335,487,48.70
1336,487,48.70
1337,481,48.10
1338,499,49.90
1339,480,48.00
1340,480,48.00
1341,505,50.50
1342,488,48.80
1343,495,49.50
1344,503,50.30
1345,471,47.10
1346,502,50.20
1347,467,46.70
1348,479,47.90
1349,505,50.50
1350,485,48.50
1351,492,49.20
1352,484,48.40
1353,493,49.30
1354,496,49.60
1355,459,45.90
1356,466,46.60
1357,469,46.90
1358,496,49.60
1359,486,48.60
1360,495,49.50
1361,475,47.50
1362,482,48.20
1363,500,50.00
1364,466,46.60
1365,459,45.90
1366,493,49.30
1367,490,49.00
1368,504,50.40
1369,479,47.90
1370,504,50.40
1371,483,48.30
1372,477,47.70
1373,523,52.30
1374,487,48.70
1375,483,48.30
1376,487,48.70
1377,468,46.80
1378,501,50.10
1379,488,48.80
1380,461,46.10
1381,491,49.10
1382,488,48.80
1383,472,47.20
1384,514,51.40
1385,477,47.70
1386,507,50.70
1387,497,49.70
1388,470,47.00
1389,481,48.10
1390,475,47.50
1391,477,47.70
1392,490,49.00
1393,493,49.30
1394,467,46.70
1395,502,50.20
1396,470,47.00
1397,481,48.10
1398,519,51.90
1399,490,49.00
1400,487,48.70
1401,494,49.40
1402,495,49.50
1403,483,48.30
1404,467,46.70
1405,490,49.00
1406,483,48.30
1407,471,47.10
1408,476,47.60
1409,485,48.50
1410,492,49.20
1411,494,49.40
1412,499,49.90
1413,515,51.50
1414,488,48.80
1415,491,49.10
1416,487,48.70
1417,482,48.20
1418,490,49.00
1419,474,47.40
1420,449,44.90
1421,494,49.40
1422,503,50.30
1423,454,45.40
1424,488,48.80
1425,489,48.90
1426,462,46.20
1427,482,48.20
1428,485,48.50
1429,466,46.60
1430,483,48.30
1431,478,47.80
1432,486,48.60
1433,490,49.00
1434,489,48.90
1435,474,47.40
1436,487,48.70
1437,483,48.30
1438,493,49.30
1439,471,47.10
1440,473,47.30
1441,492,49.20
1442,462,46.20
1443,474,47.40
1444,490,49.00
1445,485,48.50
1446,472,47.20
1447,467,46.70
1448,502,50.20
1449,498,49.80
1450,473,47.30
1451,479,47.90
1452,465,46.50
1453,460,46.00
1454,459,45.90
1455,473,47.30
1456,486,48.60
1457,465,46.50
1458,474,47.40
1459,500,50.00
1460,486,48.60
1461,486,48.60
1462,496,49.60
1463,461,46.10
1464,479,47.90
1465,460,46.00
1466,533,53.30
1467,474,47.40
1468,489,48.90
1469,484,48.40
1470,476,47.60
1471,472,47.20
1472,465,46.50
1473,460,46.00
1474,488,48.80
1475,483,48.30
1476,476,47.60
1477,511,51.10
1478,454,45.40
1479,508,50.80
1480,483,48.30
1481,492,49.20
1482,498,49.80
1483,481,48.10
1484,489,48.90
1485,473,47.30
1486,487,48.70
1487,472,47.20
1488,466,46.60
1489,478,47.80
1490,464,46.40
1491,479,47.90
1492,469,46.90
1493,466,46.60
1494,465,46.50
1495,489,48.90
1496,478,47.80
1497,475,47.50
1498,460,46.00
1499,488,48.80
