bucket,wins,win_rate
0,471,47.10
1,465,46.50
2,510,51.00
3,502,50.20
4,472,47.20
5,482,48.20
6,488,48.80
7,483,48.30
8,492,49.20
9,501,50.10
10,484,48.40
11,525,52.50
12,453,45.30
13,491,49.10
14,477,47.70
15,472,47.20
16,488,48.80
17,490,49.00
18,476,47.60
19,471,47.10
20,483,48.30
21,488,48.80
22,454,45.40
23,476,47.60
24,474,47.40
25,492,49.20
26,505,50.50
27,499,49.90
28,500,50.00
29,479,47.90
30,499,49.90
31,504,50.40
32,502,50.20
33,474,47.40
34,503,50.30
35,506,50.60
36,495,49.50
37,504,50.40
38,501,50.10
39,486,48.60
40,462,46.20
41,499,49.90
42,484,48.40
43,505,50.50
44,465,46.50
45,499,49.90
46,465,46.50
47,479,47.90
48,494,49.40
49,492,49.20
50,505,50.50
51,474,47.40
52,501,50.10
53,480,48.00
54,493,49.30
55,485,48.50
56,482,48.20
57,480,48.00
58,492,49.20
59,467,46.70
60,462,46.20
61,463,46.30
62,469,46.90
63,476,47.60
64,478,47.80
65,485,48.50
66,522,52.20
67,483,48.30
68,475,47.50
69,468,46.80
70,476,47.60
71,475,47.50
72,457,45.70
73,483,48.30
74,491,49.10
75,494,49.40
76,498,49.80
77,480,48.00
78,503,50.30
79,473,47.30
80,474,47.40
81,456,45.60
82,466,46.60
83,511,51.10
84,485,48.50
85,469,46.90
86,473,47.30
87,485,48.50
88,489,48.90
89,482,48.20
90,517,51.70
91,459,45.90
92,479,47.90
93,485,48.50
94,513,51.30
95,465,46.50
96,481,48.10
97,470,47.00
98,500,50.00
99,472,47.20
100,468,46.80
101,467,46.70
102,497,49.70
103,457,45.70
104,468,46.80
105,479,47.90
106,514,51.40
107,473,47.30
108,475,47.50
109,500,50.00
110,478,47.80
111,489,48.90
112,481,48.10
113,473,47.30
114,472,47.20
115,478,47.80
116,519,51.90
117,472,47.20
118,481,48.10
119,487,48.70
120,508,50.80
121,498,49.80
122,466,46.60
123,483,48.30
124,496,49.60
125,486,48.60
126,489,48.90
127,469,46.90
128,508,50.80
129,525,52.50
130,503,50.30
131,467,46.70
132,506,50.60
133,480,48.00
134,495,49.50
135,464,46.40
136,455,45.50
137,482,48.20
138,479,47.90
139,491,49.10
140,486,48.60
141,460,46.00
142,481,48.10
143,479,47.90
144,461,46.10
145,494,49.40
146,465,46.50
147,497,49.70
148,478,47.80
149,461,46.10
150,485,48.50
151,513,51.30
152,482,48.20
153,508,50.80
154,483,48.30
155,468,46.80
156,514,51.40
157,509,50.90
158,484,48.40
159,481,48.10
160,489,48.90
161,475,47.50
162,472,47.20
163,487,48.70
164,480,48.00
165,463,46.30
166,467,46.70
167,480,48.00
168,507,50.70
169,496,49.60
170,502,50.20
171,479,47.90
172,458,45.80
173,497,49.70
174,479,47.90
175,495,49.50
176,450,45.00
177,489,48.90
178,495,49.50
179,507,50.70
180,519,51.90
181,520,52.00
182,507,50.70
183,487,48.70
184,458,45.80
185,481,48.10
186,499,49.90
187,477,47.70
188,497,49.70
189,455,45.50
190,511,51.10
191,454,45.40
192,486,48.60
193,488,48.80
194,473,47.30
195,510,51.00
196,509,50.90
197,485,48.50
198,489,48.90
199,481,48.10
200,485,48.50
201,497,49.70
202,458,45.80
203,468,46.80
204,482,48.20
205,478,47.80
206,497,49.70
207,489,48.90
208,483,48.30
209,497,49.70
210,501,50.10
211,481,48.10
212,479,47.90
213,473,47.30
214,461,46.10
215,489,48.90
216,479,47.90
217,459,45.90
218,499,49.90
219,480,48.00
220,501,50.10
221,464,46.40
222,464,46.40
223,481,48.10
224,520,52.00
225,484,48.40
226,509,50.90
227,490,49.00
228,481,48.10
229,517,51.70
230,477,47.70
231,467,46.70
232,474,47.40
233,472,47.20
234,494,49.40
235,485,48.50
236,450,45.00
237,467,46.70
238,502,50.20
239,487,48.70
240,504,50.40
241,508,50.80
242,490,49.00
243,512,51.20
244,496,49.60
245,460,46.00
246,509,50.90
247,457,45.70
248,461,46.10
249,493,49.30
250,501,50.10
251,508,50.80
252,492,49.20
253,470,47.00
254,500,50.00
255,505,50.50
256,460,46.00
257,488,48.80
258,467,46.70
259,502,50.20
260,490,49.00
261,485,48.50
262,485,48.50
263,475,47.50
264,477,47.70
265,460,46.00
266,468,46.80
267,466,46.60
268,478,47.80
269,479,47.90
270,494,49.40
271,468,46.80
272,480,48.00
273,472,47.20
274,472,47.20
275,484,48.40
276,466,46.60
277,482,48.20
278,464,46.40
279,476,47.60
280,453,45.30
281,484,48.40
282,492,49.20
283,512,51.20
284,456,45.60
285,508,50.80
286,487,48.70
287,463,46.30
288,491,49.10
289,489,48.90
290,474,47.40
291,452,45.20
292,473,47.30
293,495,49.50
294,498,49.80
295,470,47.00
296,465,46.50
297,497,49.70
298,469,46.90
299,472,47.20
300,467,46.70
301,482,48.20
302,541,54.10
303,488,48.80
304,505,50.50
305,482,48.20
306,496,49.60
307,501,50.10
308,497,49.70
309,477,47.70
310,479,47.90
311,491,49.10
312,509,50.90
313,483,48.30
314,490,49.00
315,483,48.30
316,478,47.80
317,464,46.40
318,490,49.00
319,475,47.50
320,476,47.60
321,448,44.80
322,471,47.10
323,511,51.10
324,467,46.70
325,480,48.00
326,436,43.60
327,478,47.80
328,487,48.70
329,491,49.10
330,517,51.70
331,510,51.00
332,479,47.90
333,506,50.60
334,476,47.60
335,504,50.40
336,509,50.90
337,480,48.00
338,501,50.10
339,507,50.70
340,471,47.10
341,505,50.50
342,463,46.30
343,489,48.90
344,484,48.40
345,481,48.10
346,488,48.80
347,471,47.10
348,460,46.00
349,499,49.90
350,475,47.50
351,493,49.30
352,485,48.50
353,477,47.70
354,477,47.70
355,473,47.30
356,449,44.90
357,461,46.10
358,468,46.80
359,465,46.50
360,488,48.80
361,489,48.90
362,460,46.00
363,492,49.20
364,491,49.10
365,487,48.70
366,510,51.00
367,504,50.40
368,492,49.20
369,459,45.90
370,450,45.00
371,460,46.00
372,480,48.00
373,473,47.30
374,473,47.30
375,488,48.80
376,469,46.90
377,483,48.30
378,473,47.30
379,491,49.10
380,502,50.20
381,494,49.40
382,473,47.30
383,494,49.40
384,484,48.40
385,486,48.60
386,515,51.50
387,484,48.40
388,467,46.70
389,474,47.40
390,476,47.60
391,487,48.70
392,482,48.20
393,488,48.80
394,482,48.20
395,502,50.20
396,463,46.30
397,494,49.40
398,489,48.90
399,488,48.80
400,485,48.50
401,457,45.70
402,494,49.40
403,463,46.30
404,490,49.00
405,500,50.00
406,481,48.10
407,503,50.30
408,482,48.20
409,486,48.60
410,456,45.60
411,456,45.60
412,474,47.40
413,522,52.20
414,505,50.50
415,459,45.90
416,511,51.10
417,503,50.30
418,486,48.60
419,468,46.80
420,489,48.90
421,443,44.30
422,477,47.70
423,477,47.70
424,484,48.40
425,514,51.40
426,487,48.70
427,477,47.70
428,447,44.70
429,513,51.30
430,488,48.80
431,470,47.00
432,468,46.80
433,467,46.70
434,463,46.30
435,477,47.70
436,518,51.80
437,501,50.10
438,504,50.40
439,450,45.00
440,471,47.10
441,466,46.60
442,511,51.10
443,492,49.20
444,497,49.70
445,472,47.20
446,483,48.30
447,511,51.10
448,500,50.00
449,518,51.80
450,485,48.50
451,484,48.40
452,470,47.00
453,475,47.50
454,475,47.50
455,485,48.50
456,461,46.10
457,482,48.20
458,474,47.40
459,486,48.60
460,498,49.80
461,491,49.10
462,491,49.10
463,483,48.30
464,472,47.20
465,464,46.40
466,459,45.90
467,468,46.80
468,491,49.10
469,528,52.80
470,445,44.50
471,477,47.70
472,478,47.80
473,500,50.00
474,470,47.00
475,478,47.80
476,480,48.00
477,474,47.40
478,463,46.30
479,510,51.00
480,472,47.20
481,482,48.20
482,493,49.30
483,496,49.60
484,494,49.40
485,467,46.70
486,510,51.00
487,525,52.50
488,486,48.60
489,491,49.10
490,485,48.50
491,480,48.00
492,476,47.60
493,491,49.10
494,465,46.50
495,478,47.80
496,483,48.30
497,484,48.40
498,507,50.70
499,467,46.70
500,492,49.20
501,491,49.10
502,494,49.40
503,489,48.90
504,478,47.80
505,480,48.00
506,503,50.30
507,475,47.50
508,495,49.50
509,489,48.90
510,484,48.40
511,479,47.90
512,477,47.70
513,485,48.50
514,460,46.00
515,496,49.60
516,482,48.20
517,466,46.60
518,453,45.30
519,492,49.20
520,468,46.80
521,488,48.80
522,495,49.50
523,491,49.10
524,506,50.60
525,504,50.40
526,510,51.00
527,496,49.60
528,495,49.50
529,487,48.70
530,472,47.20
531,453,45.30
532,492,49.20
533,461,46.10
534,475,47.50
535,467,46.70
536,480,48.00
537,499,49.90
538,498,49.80
539,481,48.10
540,471,47.10
541,505,50.50
542,500,50.00
543,499,49.90
544,487,48.70
545,469,46.90
546,460,46.00
547,480,48.00
548,516,51.60
549,473,47.30
550,482,48.20
551,487,48.70
552,472,47.20
553,507,50.70
554,473,47.30
555,490,49.00
556,469,46.90
557,496,49.60
558,470,47.00
559,474,47.40
560,533,53.30
561,479,47.90
562,488,48.80
563,505,50.50
564,471,47.10
565,482,48.20
566,459,45.90
567,452,45.20
568,472,47.20
569,487,48.70
570,489,48.90
571,487,48.70
572,481,48.10
573,477,47.70
574,465,46.50
575,482,48.20
576,483,48.30
577,475,47.50
578,489,48.90
579,502,50.20
580,474,47.40
581,496,49.60
582,467,46.70
583,452,45.20
584,453,45.30
585,476,47.60
586,503,50.30
587,495,49.50
588,477,47.70
589,486,48.60
590,510,51.00
591,485,48.50
592,471,47.10
593,458,45.80
594,472,47.20
595,493,49.30
596,493,49.30
597,462,46.20
598,483,48.30
599,463,46.30
600,472,47.20
601,438,43.80
602,480,48.00
603,471,47.10
604,442,44.20
605,470,47.00
606,486,48.60
607,472,47.20
608,493,49.30
609,485,48.50
610,512,51.20
611,481,48.10
612,482,48.20
613,508,50.80
614,510,51.00
615,483,48.30
616,467,46.70
617,478,47.80
618,473,47.30
619,490,49.00
620,500,50.00
621,453,45.30
622,488,48.80
623,483,48.30
624,491,49.10
625,470,47.00
626,492,49.20
627,482,48.20
628,471,47.10
629,469,46.90
630,478,47.80
631,448,44.80
632,475,47.50
633,468,46.80
634,498,49.80
635,478,47.80
636,468,46.80
637,498,49.80
638,465,46.50
639,482,48.20
640,497,49.70
641,443,44.30
642,468,46.80
643,494,49.40
644,474,47.40
645,520,52.00
646,482,48.20
647,482,48.20
648,462,46.20
649,506,50.60
650,472,47.20
651,509,50.90
652,515,51.50
653,480,48.00
654,493,49.30
655,473,47.30
656,491,49.10
657,465,46.50
658,480,48.00
659,479,47.90
660,483,48.30
661,492,49.20
662,489,48.90
663,478,47.80
664,487,48.70
665,492,49.20
666,498,49.80
667,478,47.80
668,475,47.50
669,457,45.70
670,494,49.40
671,492,49.20
672,476,47.60
673,511,51.10
674,480,48.00
675,484,48.40
676,468,46.80
677,518,51.80
678,504,50.40
679,521,52.10
680,493,49.30
681,495,49.50
682,467,46.70
683,494,49.40
684,490,49.00
685,504,50.40
686,472,47.20
687,494,49.40
688,484,48.40
689,496,49.60
690,498,49.80
691,462,46.20
692,470,47.00
693,467,46.70
694,465,46.50
695,473,47.30
696,510,51.00
697,513,51.30
698,492,49.20
699,478,47.80
700,467,46.70
701,473,47.30
702,480,48.00
703,456,45.60
704,478,47.80
705,470,47.00
706,511,51.10
707,499,49.90
708,464,46.40
709,491,49.10
710,496,49.60
711,485,48.50
712,514,51.40
713,510,51.00
714,463,46.30
715,480,48.00
716,504,50.40
717,493,49.30
718,477,47.70
719,492,49.20
720,473,47.30
721,493,49.30
722,507,50.70
723,490,49.00
724,487,48.70
725,465,46.50
726,495,49.50
727,496,49.60
728,498,49.80
729,504,50.40
730,494,49.40
731,469,46.90
732,489,48.90
733,466,46.60
734,465,46.50
735,509,50.90
736,471,47.10
737,465,46.50
738,489,48.90
739,489,48.90
740,482,48.20
741,490,49.00
742,516,51.60
743,484,48.40
744,471,47.10
745,480,48.00
746,460,46.00
747,461,46.10
748,463,46.30
749,469,46.90
750,485,48.50
751,492,49.20
752,486,48.60
753,481,48.10
754,473,47.30
755,467,46.70
756,459,45.90
757,449,44.90
758,478,47.80
759,439,43.90
760,521,52.10
761,533,53.30
762,488,48.80
763,478,47.80
764,508,50.80
765,480,48.00
766,492,49.20
767,459,45.90
768,472,47.20
769,469,46.90
770,489,48.90
771,487,48.70
772,488,48.80
773,492,49.20
774,475,47.50
775,507,50.70
776,476,47.60
777,519,51.90
778,463,46.30
779,456,45.60
780,508,50.80
781,485,48.50
782,453,45.30
783,473,47.30
784,450,45.00
785,500,50.00
786,500,50.00
787,482,48.20
788,492,49.20
789,470,47.00
790,473,47.30
791,444,44.40
792,480,48.00
793,466,46.60
794,475,47.50
795,504,50.40
796,479,47.90
797,481,48.10
798,479,47.90
799,495,49.50
800,493,49.30
801,485,48.50
802,474,47.40
803,480,48.00
804,489,48.90
805,440,44.00
806,439,43.90
807,498,49.80
808,486,48.60
809,517,51.70
810,467,46.70
811,493,49.30
812,435,43.50
813,512,51.20
814,484,48.40
815,471,47.10
816,455,45.50
817,480,48.00
818,484,48.40
819,497,49.70
820,485,48.50
821,484,48.40
822,473,47.30
823,496,49.60
824,488,48.80
825,509,50.90
826,469,46.90
827,504,50.40
828,478,47.80
829,486,48.60
830,482,48.20
831,523,52.30
832,469,46.90
833,483,48.30
834,463,46.30
835,473,47.30
836,477,47.70
837,489,48.90
838,480,48.00
839,501,50.10
840,494,49.40
841,469,46.90
842,499,49.90
843,482,48.20
844,482,48.20
845,485,48.50
846,458,45.80
847,485,48.50
848,488,48.80
849,499,49.90
850,467,46.70
851,475,47.50
852,492,49.20
853,506,50.60
854,523,52.30
855,450,45.00
856,466,46.60
857,455,45.50
858,487,48.70
859,483,48.30
860,490,49.00
861,497,49.70
862,475,47.50
863,462,46.20
864,466,46.60
865,468,46.80
866,509,50.90
867,474,47.40
868,474,47.40
869,484,48.40
870,484,48.40
871,468,46.80
872,458,45.80
873,485,48.50
874,468,46.80
875,493,49.30
876,507,50.70
877,515,51.50
878,505,50.50
879,495,49.50
880,460,46.00
881,490,49.00
882,465,46.50
883,470,47.00
884,500,50.00
885,484,48.40
886,515,51.50
887,439,43.90
888,497,49.70
889,482,48.20
890,486,48.60
891,459,45.90
892,500,50.00
893,491,49.10
894,481,48.10
895,488,48.80
896,518,51.80
897,474,47.40
898,484,48.40
899,477,47.70
900,501,50.10
901,475,47.50
902,450,45.00
903,476,47.60
904,512,51.20
905,480,48.00
906,487,48.70
907,474,47.40
908,504,50.40
909,482,48.20
910,476,47.60
911,514,51.40
912,471,47.10
913,494,49.40
914,477,47.70
915,499,49.90
916,465,46.50
917,486,48.60
918,490,49.00
919,478,47.80
920,511,51.10
921,504,50.40
922,465,46.50
923,462,46.20
924,486,48.60
925,468,46.80
926,489,48.90
927,473,47.30
928,467,46.70
929,482,48.20
930,458,45.80
931,487,48.70
932,477,47.70
933,483,48.30
934,496,49.60
935,489,48.90
936,521,52.10
937,475,47.50
938,463,46.30
939,458,45.80
940,490,49.00
941,487,48.70
942,467,46.70
943,453,45.30
944,466,46.60
945,480,48.00
946,493,49.30
947,512,51.20
948,487,48.70
949,477,47.70
950,487,48.70
951,457,45.70
952,500,50.00
953,476,47.60
954,467,46.70
955,495,49.50
956,469,46.90
957,505,50.50
958,475,47.50
959,481,48.10
960,503,50.30
961,491,49.10
962,477,47.70
963,438,43.80
964,486,48.60
965,474,47.40
966,475,47.50
967,469,46.90
968,496,49.60
969,477,47.70
970,504,50.40
971,480,48.00
972,502,50.20
973,476,47.60
974,459,45.90
975,498,49.80
976,456,45.60
977,491,49.10
978,468,46.80
979,478,47.80
980,473,47.30
981,485,48.50
982,482,48.20
983,475,47.50
984,498,49.80
985,456,45.60
986,487,48.70
987,499,49.90
988,489,48.90
989,496,49.60
990,481,48.10
991,495,49.50
992,479,47.90
993,513,51.30
994,473,47.30
995,489,48.90
996,478,47.80
997,479,47.90
998,489,48.90
999,483,48.30
1000,474,47.40
1001,505,50.50
1002,478,47.80
1003,492,49.20
1004,480,48.00
1005,484,48.40
1006,480,48.00
1007,472,47.20
1008,472,47.20
1009,456,45.60
1010,472,47.20
1011,485,48.50
1012,472,47.20
1013,495,49.50
1014,473,47.30
1015,504,50.40
1016,479,47.90
1017,483,48.30
1018,467,46.70
1019,477,47.70
1020,463,46.30
1021,461,46.10
1022,481,48.10
1023,464,46.40
1024,480,48.00
1025,527,52.70
1026,490,49.00
1027,476,47.60
1028,485,48.50
1029,506,50.60
1030,493,49.30
1031,478,47.80
1032,451,45.10
1033,486,48.60
1034,480,48.00
1035,495,49.50
1036,504,50.40
1037,449,44.90
1038,470,47.00
1039,473,47.30
1040,477,47.70
1041,477,47.70
1042,476,47.60
1043,491,49.10
1044,484,48.40
1045,488,48.80
1046,480,48.00
1047,502,50.20
1048,468,46.80
1049,470,47.00
1050,443,44.30
1051,472,47.20
1052,463,46.30
1053,476,47.60
1054,468,46.80
1055,481,48.10
1056,472,47.20
1057,477,47.70
1058,491,49.10
1059,479,47.90
1060,488,48.80
1061,480,48.00
1062,468,46.80
1063,473,47.30
1064,465,46.50
1065,470,47.00
1066,464,46.40
1067,468,46.80
1068,482,48.20
1069,498,49.80
1070,489,48.90
1071,469,46.90
1072,469,46.90
1073,478,47.80
1074,456,45.60
1075,500,50.00
1076,470,47.00
1077,484,48.40
1078,497,49.70
1079,462,46.20
1080,460,46.00
1081,466,46.60
1082,500,50.00
1083,502,50.20
1084,516,51.60
1085,484,48.40
1086,487,48.70
1087,459,45.90
1088,520,52.00
1089,505,50.50
1090,493,49.30
1091,478,47.80
1092,501,50.10
1093,467,46.70
1094,508,50.80
1095,478,47.80
1096,481,48.10
1097,484,48.40
1098,471,47.10
1099,485,48.50
1100,476,47.60
1101,451,45.10
1102,478,47.80
1103,457,45.70
1104,466,46.60
1105,455,45.50
1106,472,47.20
1107,470,47.00
1108,464,46.40
1109,499,49.90
1110,468,46.80
1111,499,49.90
1112,488,48.80
1113,464,46.40
1114,457,45.70
1115,461,46.10
1116,472,47.20
1117,472,47.20
1118,471,47.10
1119,488,48.80
1120,454,45.40
1121,499,49.90
1122,471,47.10
1123,527,52.70
1124,479,47.90
1125,470,47.00
1126,478,47.80
1127,469,46.90
1128,497,49.70
1129,482,48.20
1130,507,50.70
1131,462,46.20
1132,486,48.60
1133,486,48.60
1134,478,47.80
1135,492,49.20
1136,462,46.20
1137,485,48.50
1138,481,48.10
1139,457,45.70
1140,470,47.00
1141,462,46.20
1142,459,45.90
1143,490,49.00
1144,481,48.10
1145,502,50.20
1146,476,47.60
1147,478,47.80
1148,508,50.80
1149,463,46.30
1150,485,48.50
1151,483,48.30
1152,488,48.80
1153,469,46.90
1154,486,48.60
1155,476,47.60
1156,480,48.00
1157,475,47.50
1158,464,46.40
1159,477,47.70
1160,480,48.00
1161,486,48.60
1162,514,51.40
1163,498,49.80
1164,491,49.10
1165,510,51.00
1166,477,47.70
1167,462,46.20
1168,485,48.50
1169,508,50.80
1170,470,47.00
1171,478,47.80
1172,486,48.60
1173,480,48.00
1174,479,47.90
1175,479,47.90
1176,473,47.30
1177,482,48.20
1178,485,48.50
1179,509,50.90
1180,495,49.50
1181,507,50.70
1182,477,47.70
1183,464,46.40
1184,524,52.40
1185,449,44.90
1186,478,47.80
1187,488,48.80
1188,460,46.00
1189,487,48.70
1190,481,48.10
1191,502,50.20
1192,514,51.40
1193,480,48.00
1194,462,46.20
1195,483,48.30
1196,478,47.80
1197,498,49.80
1198,491,49.10
1199,486,48.60
1200,478,47.80
1201,484,48.40
1202,467,46.70
1203,495,49.50
1204,475,47.50
1205,467,46.70
1206,449,44.90
1207,511,51.10
1208,483,48.30
1209,475,47.50
1210,466,46.60
1211,455,45.50
1212,481,48.10
1213,481,48.10
1214,476,47.60
1215,513,51.30
1216,499,49.90
1217,482,48.20
1218,513,51.30
1219,485,48.50
1220,472,47.20
1221,476,47.60
1222,459,45.90
1223,474,47.40
1224,439,43.90
1225,475,47.50
1226,482,48.20
1227,447,44.70
1228,490,49.00
1229,496,49.60
1230,493,49.30
1231,481,48.10
1232,475,47.50
1233,458,45.80
1234,492,49.20
1235,487,48.70
1236,471,47.10
1237,502,50.20
1238,472,47.20
1239,516,51.60
1240,487,48.70
1241,478,47.80
1242,492,49.20
1243,469,46.90
1244,516,51.60
1245,466,46.60
1246,473,47.30
1247,495,49.50
1248,475,47.50
1249,488,48.80
1250,483,48.30
1251,464,46.40
1252,505,50.50
1253,497,49.70
1254,481,48.10
1255,478,47.80
1256,496,49.60
1257,497,49.70
1258,461,46.10
1259,487,48.70
1260,500,50.00
1261,493,49.30
1262,488,48.80
1263,487,48.70
1264,481,48.10
1265,463,46.30
1266,507,50.70
1267,478,47.80
1268,490,49.00
1269,504,50.40
1270,482,48.20
1271,483,48.30
1272,481,48.10
1273,486,48.60
1274,456,45.60
1275,502,50.20
1276,500,50.00
1277,476,47.60
1278,488,48.80
1279,470,47.00
1280,488,48.80
1281,471,47.10
1282,502,50.20
1283,508,50.80
1284,453,45.30
1285,469,46.90
1286,496,49.60
1287,491,49.10
1288,468,46.80
1289,488,48.80
1290,469,46.90
1291,495,49.50
1292,491,49.10
1293,483,48.30
1294,455,45.50
1295,490,49.00
1296,471,47.10
1297,480,48.00
1298,504,50.40
1299,460,46.00
1300,467,46.70
1301,474,47.40
1302,458,45.80
1303,482,48.20
1304,494,49.40
1305,496,49.60
1306,471,47.10
1307,488,48.80
1308,462,46.20
1309,467,46.70
1310,477,47.70
1311,511,51.10
1312,476,47.60
1313,466,46.60
1314,482,48.20
1315,485,48.50
1316,470,47.00
1317,491,49.10
1318,489,48.90
1319,476,47.60
1320,480,48.00
1321,495,49.50
1322,478,47.80
1323,463,46.30
1324,473,47.30
1325,496,49.60
1326,518,51.80
1327,469,46.90
1328,489,48.90
1329,457,45.70
1330,510,51.00
1331,487,48.70
1332,481,48.10
1333,476,47.60
1334,493,49.30
1335,481,48.10
1336,480,48.00
1337,487,48.70
1338,504,50.40
1339,483,48.30
1340,498,49.80
1341,461,46.10
1342,493,49.30
1343,475,47.50
1344,475,47.50
1345,468,46.80
1346,468,46.80
1347,472,47.20
1348,491,49.10
1349,472,47.20
1350,486,48.60
1351,502,50.20
1352,488,48.80
1353,499,49.90
1354,461,46.10
1355,489,48.90
1356,480,48.00
1357,490,49.00
1358,502,50.20
1359,458,45.80
1360,471,47.10
1361,494,49.40
1362,486,48.60
1363,452,45.20
1364,474,47.40
1365,463,46.30
1366,481,48.10
1367,487,48.70
1368,500,50.00
1369,483,48.30
1370,453,45.30
1371,500,50.00
1372,492,49.20
1373,490,49.00
1374,488,48.80
1375,473,47.30
1376,464,46.40
1377,481,48.10
1378,493,49.30
1379,478,47.80
1380,506,50.60
1381,488,48.80
1382,466,46.60
1383,485,48.50
1384,477,47.70
1385,496,49.60
1386,472,47.20
1387,492,49.20
1388,514,51.40
1389,492,49.20
1390,473,47.30
1391,482,48.20
1392,480,48.00
1393,492,49.20
1394,478,47.80
1395,487,48.70
1396,464,46.40
1397,464,46.40
1398,507,50.70
1399,464,46.40
1400,464,46.40
1401,506,50.60
1402,484,48.40
1403,489,48.90
1404,488,48.80
1405,452,45.20
1406,471,47.10
1407,495,49.50
1408,478,47.80
1409,456,45.60
1410,474,47.40
1411,481,48.10
1412,480,48.00
1413,465,46.50
1414,476,47.60
1415,501,50.10
1416,479,47.90
1417,500,50.00
1418,480,48.00
1419,474,47.40
1420,502,50.20
1421,492,49.20
1422,472,47.20
1423,500,50.00
1424,437,43.70
1425,500,50.00
1426,463,46.30
1427,505,50.50
1428,461,46.10
1429,479,47.90
1430,468,46.80
1431,493,49.30
1432,505,50.50
1433,484,48.40
1434,479,47.90
1435,475,47.50
1436,468,46.80
1437,458,45.80
1438,474,47.40
1439,471,47.10
1440,458,45.80
1441,476,47.60
1442,473,47.30
1443,487,48.70
1444,485,48.50
1445,488,48.80
1446,479,47.90
1447,478,47.80
1448,493,49.30
1449,477,47.70
1450,492,49.20
1451,466,46.60
1452,469,46.90
1453,477,47.70
1454,506,50.60
1455,498,49.80
1456,493,49.30
1457,472,47.20
1458,469,46.90
1459,459,45.90
1460,462,46.20
1461,482,48.20
1462,463,46.30
1463,486,48.60
1464,484,48.40
1465,516,51.60
1466,491,49.10
1467,468,46.80
1468,497,49.70
1469,484,48.40
1470,492,49.20
1471,457,45.70
1472,479,47.90
1473,478,47.80
1474,481,48.10
1475,486,48.60
1476,460,46.00
1477,476,47.60
1478,488,48.80
1479,484,48.40
1480,447,44.70
1481,493,49.30
1482,456,45.60
1483,464,46.40
1484,486,48.60
1485,489,48.90
1486,471,47.10
1487,477,47.70
1488,503,50.30
1489,480,48.00
1490,507,50.70
1491,494,49.40
1492,513,51.30
1493,500,50.00
1494,473,47.30
1495,491,49.10
1496,499,49.90
1497,479,47.90
1498,492,49.20
1499,486,48.60
