bucket,wins,win_rate
0,493,49.30
1,502,50.20
2,483,48.30
3,498,49.80
4,492,49.20
5,468,46.80
6,468,46.80
7,461,46.10
8,500,50.00
9,463,46.30
10,506,50.60
11,498,49.80
12,500,50.00
13,498,49.80
14,498,49.80
15,480,48.00
16,473,47.30
17,493,49.30
18,489,48.90
19,485,48.50
20,464,46.40
21,513,51.30
22,507,50.70
23,470,47.00
24,478,47.80
25,470,47.00
26,501,50.10
27,473,47.30
28,481,48.10
29,522,52.20
30,471,47.10
31,494,49.40
32,487,48.70
33,452,45.20
34,510,51.00
35,470,47.00
36,484,48.40
37,489,48.90
38,510,51.00
39,459,45.90
40,477,47.70
41,453,45.30
42,478,47.80
43,480,48.00
44,481,48.10
45,518,51.80
46,487,48.70
47,477,47.70
48,467,46.70
49,498,49.80
50,462,46.20
51,486,48.60
52,471,47.10
53,510,51.00
54,488,48.80
55,490,49.00
56,503,50.30
57,497,49.70
58,482,48.20
59,504,50.40
60,495,49.50
61,472,47.20
62,481,48.10
63,468,46.80
64,469,46.90
65,476,47.60
66,460,46.00
67,477,47.70
68,462,46.20
69,465,46.50
70,489,48.90
71,496,49.60
72,500,50.00
73,493,49.30
74,510,51.00
75,493,49.30
76,485,48.50
77,490,49.00
78,476,47.60
79,463,46.30
80,490,49.00
81,498,49.80
82,482,48.20
83,496,49.60
84,516,51.60
85,513,51.30
86,476,47.60
87,469,46.90
88,503,50.30
89,487,48.70
90,490,49.00
91,482,48.20
92,470,47.00
93,481,48.10
94,506,50.60
95,479,47.90
96,509,50.90
97,492,49.20
98,491,49.10
99,525,52.50
100,495,49.50
101,464,46.40
102,508,50.80
103,469,46.90
104,503,50.30
105,495,49.50
106,482,48.20
107,484,48.40
108,489,48.90
109,469,46.90
110,492,49.20
111,491,49.10
112,467,46.70
113,490,49.00
114,475,47.50
115,469,46.90
116,483,48.30
117,478,47.80
118,505,50.50
119,471,47.10
120,492,49.20
121,467,46.70
122,505,50.50
123,469,46.90
124,488,48.80
125,494,49.40
126,481,48.10
127,474,47.40
128,483,48.30
129,469,46.90
130,479,47.90
131,496,49.60
132,485,48.50
133,466,46.60
134,482,48.20
135,519,51.90
136,494,49.40
137,494,49.40
138,476,47.60
139,495,49.50
140,479,47.90
141,517,51.70
142,463,46.30
143,494,49.40
144,507,50.70
145,479,47.90
146,487,48.70
147,506,50.60
148,479,47.90
149,485,48.50
150,464,46.40
151,487,48.70
152,483,48.30
153,504,50.40
154,485,48.50
155,512,51.20
156,490,49.00
157,491,49.10
158,473,47.30
159,490,49.00
160,505,50.50
161,495,49.50
162,497,49.70
163,488,48.80
164,471,47.10
165,499,49.90
166,466,46.60
167,468,46.80
168,479,47.90
169,502,50.20
170,487,48.70
171,490,49.00
172,492,49.20
173,509,50.90
174,499,49.90
175,450,45.00
176,505,50.50
177,462,46.20
178,483,48.30
179,510,51.00
180,507,50.70
181,511,51.10
182,527,52.70
183,471,47.10
184,506,50.60
185,494,49.40
186,461,46.10
187,502,50.20
188,505,50.50
189,498,49.80
190,488,48.80
191,464,46.40
192,487,48.70
193,491,49.10
194,494,49.40
195,492,49.20
196,503,50.30
197,476,47.60
198,493,49.30
199,481,48.10
200,489,48.90
201,490,49.00
202,503,50.30
203,484,48.40
204,473,47.30
205,516,51.60
206,485,48.50
207,493,49.30
208,505,50.50
209,507,50.70
210,463,46.30
211,515,51.50
212,488,48.80
213,467,46.70
214,492,49.20
215,487,48.70
216,478,47.80
217,478,47.80
218,498,49.80
219,464,46.40
220,488,48.80
221,495,49.50
222,499,49.90
223,486,48.60
224,471,47.10
225,495,49.50
226,469,46.90
227,467,46.70
228,525,52.50
229,476,47.60
230,512,51.20
231,512,51.20
232,486,48.60
233,498,49.80
234,505,50.50
235,479,47.90
236,502,50.20
237,494,49.40
238,504,50.40
239,486,48.60
240,458,45.80
241,480,48.00
242,486,48.60
243,482,48.20
244,471,47.10
245,482,48.20
246,481,48.10
247,486,48.60
248,495,49.50
249,493,49.30
250,488,48.80
251,484,48.40
252,503,50.30
253,484,48.40
254,519,51.90
255,476,47.60
256,498,49.80
257,506,50.60
258,477,47.70
259,502,50.20
260,479,47.90
261,493,49.30
262,513,51.30
263,479,47.90
264,495,49.50
265,506,50.60
266,491,49.10
267,488,48.80
268,488,48.80
269,486,48.60
270,476,47.60
271,496,49.60
272,481,48.10
273,518,51.80
274,476,47.60
275,494,49.40
276,474,47.40
277,490,49.00
278,487,48.70
279,504,50.40
280,465,46.50
281,504,50.40
282,472,47.20
283,499,49.90
284,514,51.40
285,482,48.20
286,493,49.30
287,501,50.10
288,473,47.30
289,495,49.50
290,501,50.10
291,495,49.50
292,492,49.20
293,494,49.40
294,505,50.50
295,472,47.20
296,509,50.90
297,523,52.30
298,481,48.10
299,476,47.60
300,493,49.30
301,504,50.40
302,477,47.70
303,476,47.60
304,483,48.30
305,488,48.80
306,503,50.30
307,487,48.70
308,501,50.10
309,496,49.60
310,500,50.00
311,511,51.10
312,485,48.50
313,477,47.70
314,510,51.00
315,503,50.30
316,492,49.20
317,505,50.50
318,540,54.00
319,487,48.70
320,508,50.80
321,466,46.60
322,487,48.70
323,462,46.20
324,501,50.10
325,484,48.40
326,509,50.90
327,521,52.10
328,498,49.80
329,487,48.70
330,513,51.30
331,504,50.40
332,509,50.90
333,486,48.60
334,504,50.40
335,495,49.50
336,475,47.50
337,511,51.10
338,470,47.00
339,457,45.70
340,492,49.20
341,488,48.80
342,485,48.50
343,486,48.60
344,481,48.10
345,472,47.20
346,478,47.80
347,488,48.80
348,478,47.80
349,471,47.10
350,482,48.20
351,492,49.20
352,506,50.60
353,481,48.10
354,490,49.00
355,483,48.30
356,478,47.80
357,500,50.00
358,491,49.10
359,480,48.00
360,478,47.80
361,500,50.00
362,475,47.50
363,493,49.30
364,518,51.80
365,493,49.30
366,492,49.20
367,491,49.10
368,484,48.40
369,474,47.40
370,495,49.50
371,522,52.20
372,475,47.50
373,491,49.10
374,496,49.60
375,493,49.30
376,442,44.20
377,498,49.80
378,477,47.70
379,494,49.40
380,481,48.10
381,505,50.50
382,510,51.00
383,505,50.50
384,458,45.80
385,491,49.10
386,501,50.10
387,479,47.90
388,512,51.20
389,505,50.50
390,484,48.40
391,481,48.10
392,477,47.70
393,490,49.00
394,523,52.30
395,496,49.60
396,494,49.40
397,490,49.00
398,497,49.70
399,484,48.40
400,495,49.50
401,509,50.90
402,500,50.00
403,474,47.40
404,499,49.90
405,476,47.60
406,485,48.50
407,533,53.30
408,451,45.10
409,504,50.40
410,508,50.80
411,501,50.10
412,482,48.20
413,474,47.40
414,490,49.00
415,482,48.20
416,502,50.20
417,488,48.80
418,494,49.40
419,475,47.50
420,501,50.10
421,507,50.70
422,487,48.70
423,492,49.20
424,488,48.80
425,478,47.80
426,503,50.30
427,456,45.60
428,514,51.40
429,499,49.90
430,493,49.30
431,480,48.00
432,483,48.30
433,501,50.10
434,504,50.40
435,474,47.40
436,493,49.30
437,489,48.90
438,503,50.30
439,467,46.70
440,487,48.70
441,499,49.90
442,489,48.90
443,484,48.40
444,476,47.60
445,487,48.70
446,488,48.80
447,508,50.80
448,498,49.80
449,508,50.80
450,507,50.70
451,479,47.90
452,496,49.60
453,495,49.50
454,492,49.20
455,490,49.00
456,488,48.80
457,481,48.10
458,492,49.20
459,477,47.70
460,510,51.00
461,512,51.20
462,483,48.30
463,508,50.80
464,472,47.20
465,506,50.60
466,479,47.90
467,483,48.30
468,476,47.60
469,487,48.70
470,476,47.60
471,492,49.20
472,477,47.70
473,485,48.50
474,479,47.90
475,467,46.70
476,489,48.90
477,476,47.60
478,485,48.50
479,483,48.30
480,493,49.30
481,475,47.50
482,483,48.30
483,516,51.60
484,479,47.90
485,478,47.80
486,493,49.30
487,501,50.10
488,480,48.00
489,479,47.90
490,502,50.20
491,516,51.60
492,467,46.70
493,481,48.10
494,472,47.20
495,466,46.60
496,494,49.40
497,497,49.70
498,470,47.00
499,501,50.10
500,512,51.20
501,481,48.10
502,545,54.50
503,501,50.10
504,487,48.70
505,501,50.10
506,498,49.80
507,496,49.60
508,505,50.50
509,508,50.80
510,489,48.90
511,505,50.50
512,493,49.30
513,515,51.50
514,496,49.60
515,482,48.20
516,483,48.30
517,509,50.90
518,514,51.40
519,515,51.50
520,465,46.50
521,489,48.90
522,499,49.90
523,534,53.40
524,512,51.20
525,507,50.70
526,488,48.80
527,530,53.00
528,502,50.20
529,505,50.50
530,507,50.70
531,501,50.10
532,494,49.40
533,492,49.20
534,530,53.00
535,517,51.70
536,512,51.20
537,503,50.30
538,512,51.20
539,508,50.80
540,510,51.00
541,491,49.10
542,483,48.30
543,524,52.40
544,527,52.70
545,488,48.80
546,506,50.60
547,526,52.60
548,482,48.20
549,492,49.20
550,497,49.70
551,504,50.40
552,522,52.20
553,497,49.70
554,525,52.50
555,504,50.40
556,501,50.10
557,511,51.10
558,512,51.20
559,504,50.40
560,513,51.30
561,501,50.10
562,524,52.40
563,513,51.30
564,494,49.40
565,499,49.90
566,493,49.30
567,471,47.10
568,491,49.10
569,486,48.60
570,509,50.90
571,499,49.90
572,476,47.60
573,470,47.00
574,496,49.60
575,527,52.70
576,490,49.00
577,532,53.20
578,500,50.00
579,505,50.50
580,506,50.60
581,499,49.90
582,486,48.60
583,534,53.40
584,500,50.00
585,508,50.80
586,482,48.20
587,503,50.30
588,523,52.30
589,501,50.10
590,482,48.20
591,504,50.40
592,508,50.80
593,486,48.60
594,510,51.00
595,520,52.00
596,505,50.50
597,483,48.30
598,497,49.70
599,510,51.00
600,506,50.60
601,498,49.80
602,503,50.30
603,489,48.90
604,523,52.30
605,516,51.60
606,514,51.40
607,512,51.20
608,531,53.10
609,482,48.20
610,498,49.80
611,505,50.50
612,526,52.60
613,524,52.40
614,510,51.00
615,509,50.90
616,485,48.50
617,492,49.20
618,505,50.50
619,486,48.60
620,502,50.20
621,482,48.20
622,502,50.20
623,472,47.20
624,490,49.00
625,522,52.20
626,465,46.50
627,485,48.50
628,506,50.60
629,509,50.90
630,491,49.10
631,494,49.40
632,514,51.40
633,484,48.40
634,497,49.70
635,502,50.20
636,508,50.80
637,533,53.30
638,503,50.30
639,497,49.70
640,480,48.00
641,491,49.10
642,492,49.20
643,483,48.30
644,492,49.20
645,521,52.10
646,486,48.60
647,524,52.40
648,508,50.80
649,528,52.80
650,509,50.90
651,513,51.30
652,525,52.50
653,496,49.60
654,510,51.00
655,507,50.70
656,514,51.40
657,500,50.00
658,516,51.60
659,508,50.80
660,513,51.30
661,488,48.80
662,492,49.20
663,474,47.40
664,476,47.60
665,510,51.00
666,497,49.70
667,488,48.80
668,532,53.20
669,502,50.20
670,513,51.30
671,509,50.90
672,500,50.00
673,499,49.90
674,539,53.90
675,493,49.30
676,505,50.50
677,496,49.60
678,499,49.90
679,494,49.40
680,512,51.20
681,505,50.50
682,513,51.30
683,494,49.40
684,464,46.40
685,495,49.50
686,514,51.40
687,498,49.80
688,487,48.70
689,506,50.60
690,516,51.60
691,482,48.20
692,508,50.80
693,483,48.30
694,494,49.40
695,486,48.60
696,469,46.90
697,504,50.40
698,521,52.10
699,474,47.40
700,508,50.80
701,493,49.30
702,478,47.80
703,507,50.70
704,487,48.70
705,499,49.90
706,506,50.60
707,517,51.70
708,497,49.70
709,494,49.40
710,514,51.40
711,506,50.60
712,489,48.90
713,500,50.00
714,490,49.00
715,500,50.00
716,524,52.40
717,500,50.00
718,504,50.40
719,528,52.80
720,523,52.30
721,491,49.10
722,495,49.50
723,482,48.20
724,483,48.30
725,511,51.10
726,496,49.60
727,520,52.00
728,490,49.00
729,494,49.40
730,500,50.00
731,507,50.70
732,497,49.70
733,496,49.60
734,513,51.30
735,496,49.60
736,510,51.00
737,493,49.30
738,501,50.10
739,539,53.90
740,509,50.90
741,513,51.30
742,510,51.00
743,488,48.80
744,474,47.40
745,491,49.10
746,502,50.20
747,506,50.60
748,527,52.70
749,475,47.50
750,476,47.60
751,497,49.70
752,478,47.80
753,474,47.40
754,493,49.30
755,502,50.20
756,499,49.90
757,485,48.50
758,508,50.80
759,508,50.80
760,513,51.30
761,516,51.60
762,500,50.00
763,506,50.60
764,485,48.50
765,516,51.60
766,464,46.40
767,491,49.10
768,512,51.20
769,472,47.20
770,501,50.10
771,488,48.80
772,480,48.00
773,499,49.90
774,522,52.20
775,492,49.20
776,509,50.90
777,510,51.00
778,502,50.20
779,483,48.30
780,489,48.90
781,505,50.50
782,474,47.40
783,500,50.00
784,495,49.50
785,480,48.00
786,496,49.60
787,507,50.70
788,508,50.80
789,488,48.80
790,485,48.50
791,509,50.90
792,486,48.60
793,495,49.50
794,482,48.20
795,493,49.30
796,501,50.10
797,471,47.10
798,514,51.40
799,513,51.30
800,490,49.00
801,498,49.80
802,505,50.50
803,496,49.60
804,511,51.10
805,497,49.70
806,527,52.70
807,495,49.50
808,503,50.30
809,524,52.40
810,510,51.00
811,486,48.60
812,529,52.90
813,477,47.70
814,499,49.90
815,491,49.10
816,497,49.70
817,501,50.10
818,520,52.00
819,520,52.00
820,506,50.60
821,494,49.40
822,495,49.50
823,501,50.10
824,522,52.20
825,497,49.70
826,514,51.40
827,497,49.70
828,502,50.20
829,492,49.20
830,496,49.60
831,503,50.30
832,510,51.00
833,490,49.00
834,489,48.90
835,530,53.00
836,512,51.20
837,489,48.90
838,499,49.90
839,505,50.50
840,540,54.00
841,491,49.10
842,490,49.00
843,485,48.50
844,485,48.50
845,510,51.00
846,521,52.10
847,490,49.00
848,491,49.10
849,465,46.50
850,515,51.50
851,494,49.40
852,489,48.90
853,463,46.30
854,500,50.00
855,488,48.80
856,491,49.10
857,485,48.50
858,465,46.50
859,469,46.90
860,485,48.50
861,515,51.50
862,477,47.70
863,507,50.70
864,469,46.90
865,507,50.70
866,499,49.90
867,498,49.80
868,503,50.30
869,512,51.20
870,520,52.00
871,508,50.80
872,499,49.90
873,472,47.20
874,491,49.10
875,492,49.20
876,511,51.10
877,513,51.30
878,492,49.20
879,489,48.90
880,506,50.60
881,501,50.10
882,549,54.90
883,496,49.60
884,486,48.60
885,500,50.00
886,469,46.90
887,500,50.00
888,508,50.80
889,515,51.50
890,487,48.70
891,480,48.00
892,516,51.60
893,484,48.40
894,492,49.20
895,502,50.20
896,500,50.00
897,484,48.40
898,501,50.10
899,502,50.20
900,483,48.30
901,484,48.40
902,480,48.00
903,498,49.80
904,483,48.30
905,478,47.80
906,519,51.90
907,486,48.60
908,523,52.30
909,498,49.80
910,484,48.40
911,486,48.60
912,495,49.50
913,517,51.70
914,500,50.00
915,512,51.20
916,488,48.80
917,480,48.00
918,479,47.90
919,520,52.00
920,496,49.60
921,510,51.00
922,483,48.30
923,513,51.30
924,472,47.20
925,473,47.30
926,509,50.90
927,515,51.50
928,464,46.40
929,501,50.10
930,509,50.90
931,496,49.60
932,466,46.60
933,492,49.20
934,506,50.60
935,516,51.60
936,502,50.20
937,509,50.90
938,476,47.60
939,504,50.40
940,497,49.70
941,515,51.50
942,514,51.40
943,472,47.20
944,477,47.70
945,458,45.80
946,496,49.60
947,476,47.60
948,507,50.70
949,482,48.20
950,517,51.70
951,503,50.30
952,505,50.50
953,484,48.40
954,486,48.60
955,516,51.60
956,489,48.90
957,539,53.90
958,471,47.10
959,467,46.70
960,485,48.50
961,522,52.20
962,496,49.60
963,487,48.70
964,501,50.10
965,498,49.80
966,490,49.00
967,479,47.90
968,505,50.50
969,503,50.30
970,509,50.90
971,516,51.60
972,507,50.70
973,473,47.30
974,522,52.20
975,495,49.50
976,520,52.00
977,535,53.50
978,486,48.60
979,504,50.40
980,508,50.80
981,514,51.40
982,519,51.90
983,497,49.70
984,505,50.50
985,491,49.10
986,505,50.50
987,510,51.00
988,510,51.00
989,510,51.00
990,503,50.30
991,536,53.60
992,506,50.60
993,483,48.30
994,504,50.40
995,517,51.70
996,485,48.50
997,479,47.90
998,516,51.60
999,489,48.90
1000,522,52.20
1001,490,49.00
1002,459,45.90
1003,488,48.80
1004,492,49.20
1005,494,49.40
1006,500,50.00
1007,521,52.10
1008,480,48.00
1009,523,52.30
1010,485,48.50
1011,486,48.60
1012,495,49.50
1013,515,51.50
1014,520,52.00
1015,486,48.60
1016,531,53.10
1017,487,48.70
1018,481,48.10
1019,505,50.50
1020,479,47.90
1021,481,48.10
1022,505,50.50
1023,499,49.90
1024,498,49.80
1025,508,50.80
1026,485,48.50
1027,484,48.40
1028,496,49.60
1029,493,49.30
1030,507,50.70
1031,453,45.30
1032,488,48.80
1033,498,49.80
1034,491,49.10
1035,487,48.70
1036,486,48.60
1037,500,50.00
1038,497,49.70
1039,483,48.30
1040,483,48.30
1041,484,48.40
1042,485,48.50
1043,485,48.50
1044,515,51.50
1045,506,50.60
1046,465,46.50
1047,492,49.20
1048,529,52.90
1049,493,49.30
1050,503,50.30
1051,489,48.90
1052,476,47.60
1053,513,51.30
1054,493,49.30
1055,505,50.50
1056,491,49.10
1057,504,50.40
1058,492,49.20
1059,512,51.20
1060,508,50.80
1061,504,50.40
1062,493,49.30
1063,473,47.30
1064,519,51.90
1065,484,48.40
1066,479,47.90
1067,499,49.90
1068,469,46.90
1069,512,51.20
1070,492,49.20
1071,505,50.50
1072,486,48.60
1073,520,52.00
1074,512,51.20
1075,509,50.90
1076,487,48.70
1077,506,50.60
1078,460,46.00
1079,509,50.90
1080,491,49.10
1081,500,50.00
1082,481,48.10
1083,476,47.60
1084,501,50.10
1085,498,49.80
1086,493,49.30
1087,494,49.40
1088,523,52.30
1089,509,50.90
1090,498,49.80
1091,491,49.10
1092,512,51.20
1093,500,50.00
1094,508,50.80
1095,493,49.30
1096,525,52.50
1097,484,48.40
1098,469,46.90
1099,493,49.30
1100,500,50.00
1101,499,49.90
1102,521,52.10
1103,509,50.90
1104,497,49.70
1105,480,48.00
1106,485,48.50
1107,513,51.30
1108,506,50.60
1109,499,49.90
1110,521,52.10
1111,482,48.20
1112,484,48.40
1113,498,49.80
1114,504,50.40
1115,509,50.90
1116,514,51.40
1117,493,49.30
1118,475,47.50
1119,533,53.30
1120,505,50.50
1121,489,48.90
1122,457,45.70
1123,493,49.30
1124,513,51.30
1125,503,50.30
1126,494,49.40
1127,470,47.00
1128,520,52.00
1129,478,47.80
1130,505,50.50
1131,489,48.90
1132,505,50.50
1133,500,50.00
1134,491,49.10
1135,489,48.90
1136,483,48.30
1137,489,48.90
1138,475,47.50
1139,496,49.60
1140,523,52.30
1141,501,50.10
1142,514,51.40
1143,500,50.00
1144,490,49.00
1145,481,48.10
1146,491,49.10
1147,505,50.50
1148,507,50.70
1149,493,49.30
1150,501,50.10
1151,485,48.50
1152,491,49.10
1153,493,49.30
1154,493,49.30
1155,517,51.70
1156,496,49.60
1157,498,49.80
1158,483,48.30
1159,484,48.40
1160,495,49.50
1161,486,48.60
1162,481,48.10
1163,501,50.10
1164,507,50.70
1165,474,47.40
1166,498,49.80
1167,490,49.00
1168,520,52.00
1169,497,49.70
1170,526,52.60
1171,496,49.60
1172,473,47.30
1173,492,49.20
1174,462,46.20
1175,488,48.80
1176,486,48.60
1177,511,51.10
1178,498,49.80
1179,506,50.60
1180,506,50.60
1181,506,50.60
1182,508,50.80
1183,509,50.90
1184,475,47.50
1185,501,50.10
1186,507,50.70
1187,506,50.60
1188,487,48.70
1189,484,48.40
1190,500,50.00
1191,471,47.10
1192,493,49.30
1193,489,48.90
1194,515,51.50
1195,500,50.00
1196,489,48.90
1197,504,50.40
1198,515,51.50
1199,517,51.70
1200,510,51.00
1201,502,50.20
1202,522,52.20
1203,513,51.30
1204,498,49.80
1205,489,48.90
1206,484,48.40
1207,479,47.90
1208,480,48.00
1209,465,46.50
1210,498,49.80
1211,497,49.70
1212,510,51.00
1213,484,48.40
1214,489,48.90
1215,502,50.20
1216,486,48.60
1217,475,47.50
1218,492,49.20
1219,493,49.30
1220,475,47.50
1221,535,53.50
1222,485,48.50
1223,531,53.10
1224,521,52.10
1225,499,49.90
1226,499,49.90
1227,491,49.10
1228,488,48.80
1229,521,52.10
1230,488,48.80
1231,484,48.40
1232,518,51.80
1233,487,48.70
1234,491,49.10
1235,465,46.50
1236,497,49.70
1237,494,49.40
1238,505,50.50
1239,497,49.70
1240,490,49.00
1241,477,47.70
1242,497,49.70
1243,490,49.00
1244,484,48.40
1245,497,49.70
1246,485,48.50
1247,481,48.10
1248,498,49.80
1249,502,50.20
1250,477,47.70
1251,483,48.30
1252,506,50.60
1253,481,48.10
1254,512,51.20
1255,500,50.00
1256,519,51.90
1257,477,47.70
1258,486,48.60
1259,515,51.50
1260,486,48.60
1261,503,50.30
1262,505,50.50
1263,516,51.60
1264,502,50.20
1265,471,47.10
1266,496,49.60
1267,508,50.80
1268,471,47.10
1269,501,50.10
1270,500,50.00
1271,491,49.10
1272,480,48.00
1273,507,50.70
1274,482,48.20
1275,472,47.20
1276,489,48.90
1277,484,48.40
1278,486,48.60
1279,500,50.00
1280,517,51.70
1281,508,50.80
1282,484,48.40
1283,481,48.10
1284,533,53.30
1285,459,45.90
1286,514,51.40
1287,478,47.80
1288,501,50.10
1289,499,49.90
1290,510,51.00
1291,498,49.80
1292,478,47.80
1293,510,51.00
1294,512,51.20
1295,495,49.50
1296,494,49.40
1297,490,49.00
1298,495,49.50
1299,496,49.60
1300,534,53.40
1301,505,50.50
1302,496,49.60
1303,492,49.20
1304,497,49.70
1305,527,52.70
1306,517,51.70
1307,498,49.80
1308,486,48.60
1309,509,50.90
1310,502,50.20
1311,478,47.80
1312,491,49.10
1313,484,48.40
1314,498,49.80
1315,482,48.20
1316,489,48.90
1317,513,51.30
1318,503,50.30
1319,485,48.50
1320,483,48.30
1321,487,48.70
1322,477,47.70
1323,497,49.70
1324,484,48.40
1325,469,46.90
1326,459,45.90
1327,519,51.90
1328,522,52.20
1329,513,51.30
1330,500,50.00
1331,489,48.90
1332,481,48.10
1333,480,48.00
1334,505,50.50
1335,496,49.60
1336,495,49.50
1337,481,48.10
1338,491,49.10
1339,483,48.30
1340,475,47.50
1341,490,49.00
1342,503,50.30
1343,492,49.20
1344,484,48.40
1345,490,49.00
1346,483,48.30
1347,494,49.40
1348,534,53.40
1349,499,49.90
1350,486,48.60
1351,526,52.60
1352,501,50.10
1353,501,50.10
1354,497,49.70
1355,458,45.80
1356,476,47.60
1357,517,51.70
1358,491,49.10
1359,482,48.20
1360,486,48.60
1361,518,51.80
1362,546,54.60
1363,501,50.10
1364,476,47.60
1365,483,48.30
1366,492,49.20
1367,492,49.20
1368,468,46.80
1369,481,48.10
1370,489,48.90
1371,531,53.10
1372,508,50.80
1373,454,45.40
1374,504,50.40
1375,513,51.30
1376,484,48.40
1377,467,46.70
1378,496,49.60
1379,501,50.10
1380,508,50.80
1381,484,48.40
1382,482,48.20
1383,471,47.10
1384,496,49.60
1385,515,51.50
1386,521,52.10
1387,489,48.90
1388,500,50.00
1389,482,48.20
1390,463,46.30
1391,501,50.10
1392,495,49.50
1393,481,48.10
1394,492,49.20
1395,457,45.70
1396,489,48.90
1397,482,48.20
1398,528,52.80
1399,468,46.80
1400,480,48.00
1401,483,48.30
1402,534,53.40
1403,458,45.80
1404,515,51.50
1405,488,48.80
1406,496,49.60
1407,491,49.10
1408,487,48.70
1409,482,48.20
1410,486,48.60
1411,492,49.20
1412,494,49.40
1413,488,48.80
1414,466,46.60
1415,508,50.80
1416,471,47.10
1417,498,49.80
1418,470,47.00
1419,498,49.80
1420,499,49.90
1421,512,51.20
1422,497,49.70
1423,494,49.40
1424,511,51.10
1425,498,49.80
1426,495,49.50
1427,502,50.20
1428,502,50.20
1429,529,52.90
1430,491,49.10
1431,499,49.90
1432,494,49.40
1433,460,46.00
1434,507,50.70
1435,508,50.80
1436,510,51.00
1437,478,47.80
1438,474,47.40
1439,514,51.40
1440,498,49.80
1441,501,50.10
1442,468,46.80
1443,491,49.10
1444,491,49.10
1445,527,52.70
1446,487,48.70
1447,503,50.30
1448,476,47.60
1449,471,47.10
1450,516,51.60
1451,496,49.60
1452,489,48.90
1453,527,52.70
1454,512,51.20
1455,469,46.90
1456,496,49.60
1457,493,49.30
1458,501,50.10
1459,499,49.90
1460,464,46.40
1461,467,46.70
1462,482,48.20
1463,504,50.40
1464,461,46.10
1465,476,47.60
1466,480,48.00
1467,499,49.90
1468,514,51.40
1469,501,50.10
1470,520,52.00
1471,482,48.20
1472,470,47.00
1473,515,51.50
1474,493,49.30
1475,485,48.50
1476,480,48.00
1477,472,47.20
1478,511,51.10
1479,521,52.10
1480,502,50.20
1481,498,49.80
1482,503,50.30
1483,477,47.70
1484,496,49.60
1485,473,47.30
1486,508,50.80
1487,518,51.80
1488,498,49.80
1489,472,47.20
1490,468,46.80
1491,490,49.00
1492,515,51.50
1493,510,51.00
1494,481,48.10
1495,491,49.10
1496,490,49.00
1497,485,48.50
1498,516,51.60
1499,501,50.10
