bucket,wins,win_rate
0,497,49.70
1,499,49.90
2,486,48.60
3,501,50.10
4,513,51.30
5,482,48.20
6,487,48.70
7,496,49.60
8,487,48.70
9,504,50.40
10,480,48.00
11,496,49.60
12,516,51.60
13,506,50.60
14,465,46.50
15,501,50.10
16,499,49.90
17,487,48.70
18,508,50.80
19,525,52.50
20,506,50.60
21,477,47.70
22,482,48.20
23,516,51.60
24,527,52.70
25,495,49.50
26,463,46.30
27,498,49.80
28,466,46.60
29,514,51.40
30,478,47.80
31,510,51.00
32,533,53.30
33,512,51.20
34,502,50.20
35,492,49.20
36,486,48.60
37,512,51.20
38,505,50.50
39,517,51.70
40,501,50.10
41,504,50.40
42,492,49.20
43,512,51.20
44,478,47.80
45,492,49.20
46,506,50.60
47,477,47.70
48,529,52.90
49,512,51.20
50,494,49.40
51,517,51.70
52,498,49.80
53,509,50.90
54,497,49.70
55,486,48.60
56,499,49.90
57,510,51.00
58,505,50.50
59,493,49.30
60,495,49.50
61,496,49.60
62,508,50.80
63,519,51.90
64,493,49.30
65,516,51.60
66,514,51.40
67,510,51.00
68,524,52.40
69,483,48.30
70,503,50.30
71,504,50.40
72,504,50.40
73,493,49.30
74,479,47.90
75,504,50.40
76,468,46.80
77,484,48.40
78,477,47.70
79,478,47.80
80,510,51.00
81,516,51.60
82,507,50.70
83,531,53.10
84,483,48.30
85,514,51.40
86,473,47.30
87,495,49.50
88,491,49.10
89,469,46.90
90,503,50.30
91,518,51.80
92,522,52.20
93,501,50.10
94,494,49.40
95,471,47.10
96,484,48.40
97,484,48.40
98,501,50.10
99,470,47.00
100,471,47.10
101,463,46.30
102,516,51.60
103,527,52.70
104,499,49.90
105,501,50.10
106,528,52.80
107,510,51.00
108,500,50.00
109,500,50.00
110,499,49.90
111,461,46.10
112,492,49.20
113,517,51.70
114,490,49.00
115,524,52.40
116,505,50.50
117,510,51.00
118,508,50.80
119,520,52.00
120,500,50.00
121,519,51.90
122,508,50.80
123,478,47.80
124,502,50.20
125,495,49.50
126,506,50.60
127,483,48.30
128,487,48.70
129,465,46.50
130,486,48.60
131,531,53.10
132,454,45.40
133,512,51.20
134,496,49.60
135,493,49.30
136,475,47.50
137,476,47.60
138,457,45.70
139,492,49.20
140,473,47.30
141,491,49.10
142,490,49.00
143,478,47.80
144,497,49.70
145,487,48.70
146,480,48.00
147,479,47.90
148,509,50.90
149,505,50.50
150,476,47.60
151,491,49.10
152,497,49.70
153,468,46.80
154,495,49.50
155,489,48.90
156,508,50.80
157,490,49.00
158,499,49.90
159,470,47.00
160,469,46.90
161,477,47.70
162,488,48.80
163,493,49.30
164,479,47.90
165,479,47.90
166,495,49.50
167,474,47.40
168,498,49.80
169,496,49.60
170,482,48.20
171,493,49.30
172,468,46.80
173,481,48.10
174,536,53.60
175,482,48.20
176,508,50.80
177,495,49.50
178,504,50.40
179,519,51.90
180,487,48.70
181,468,46.80
182,478,47.80
183,491,49.10
184,516,51.60
185,466,46.60
186,484,48.40
187,503,50.30
188,499,49.90
189,494,49.40
190,464,46.40
191,491,49.10
192,485,48.50
193,510,51.00
194,498,49.80
195,476,47.60
196,514,51.40
197,518,51.80
198,469,46.90
199,483,48.30
200,460,46.00
201,484,48.40
202,474,47.40
203,487,48.70
204,481,48.10
205,499,49.90
206,499,49.90
207,493,49.30
208,493,49.30
209,479,47.90
210,491,49.10
211,491,49.10
212,476,47.60
213,501,50.10
214,478,47.80
215,472,47.20
216,498,49.80
217,483,48.30
218,519,51.90
219,508,50.80
220,519,51.90
221,499,49.90
222,509,50.90
223,488,48.80
224,481,48.10
225,507,50.70
226,487,48.70
227,519,51.90
228,499,49.90
229,511,51.10
230,506,50.60
231,497,49.70
232,488,48.80
233,506,50.60
234,474,47.40
235,523,52.30
236,478,47.80
237,474,47.40
238,477,47.70
239,512,51.20
240,519,51.90
241,483,48.30
242,474,47.40
243,484,48.40
244,494,49.40
245,505,50.50
246,491,49.10
247,503,50.30
248,483,48.30
249,519,51.90
250,473,47.30
251,471,47.10
252,475,47.50
253,476,47.60
254,481,48.10
255,501,50.10
256,503,50.30
257,503,50.30
258,465,46.50
259,446,44.60
260,494,49.40
261,470,47.00
262,489,48.90
263,494,49.40
264,468,46.80
265,480,48.00
266,458,45.80
267,494,49.40
268,495,49.50
269,489,48.90
270,494,49.40
271,472,47.20
272,498,49.80
273,481,48.10
274,467,46.70
275,468,46.80
276,493,49.30
277,491,49.10
278,475,47.50
279,461,46.10
280,488,48.80
281,504,50.40
282,519,51.90
283,523,52.30
284,500,50.00
285,478,47.80
286,468,46.80
287,470,47.00
288,464,46.40
289,478,47.80
290,497,49.70
291,499,49.90
292,505,50.50
293,468,46.80
294,489,48.90
295,490,49.00
296,532,53.20
297,509,50.90
298,466,46.60
299,507,50.70
300,479,47.90
301,486,48.60
302,469,46.90
303,476,47.60
304,472,47.20
305,497,49.70
306,513,51.30
307,527,52.70
308,502,50.20
309,504,50.40
310,475,47.50
311,488,48.80
312,486,48.60
313,497,49.70
314,491,49.10
315,510,51.00
316,528,52.80
317,483,48.30
318,489,48.90
319,484,48.40
320,505,50.50
321,499,49.90
322,484,48.40
323,498,49.80
324,482,48.20
325,476,47.60
326,480,48.00
327,501,50.10
328,464,46.40
329,464,46.40
330,479,47.90
331,533,53.30
332,503,50.30
333,483,48.30
334,493,49.30
335,497,49.70
336,472,47.20
337,500,50.00
338,464,46.40
339,505,50.50
340,493,49.30
341,492,49.20
342,485,48.50
343,517,51.70
344,478,47.80
345,492,49.20
346,484,48.40
347,472,47.20
348,470,47.00
349,464,46.40
350,485,48.50
351,491,49.10
352,493,49.30
353,504,50.40
354,500,50.00
355,524,52.40
356,454,45.40
357,490,49.00
358,494,49.40
359,456,45.60
360,478,47.80
361,478,47.80
362,475,47.50
363,487,48.70
364,481,48.10
365,455,45.50
366,484,48.40
367,506,50.60
368,451,45.10
369,469,46.90
370,468,46.80
371,488,48.80
372,481,48.10
373,486,48.60
374,495,49.50
375,467,46.70
376,491,49.10
377,490,49.00
378,491,49.10
379,496,49.60
380,472,47.20
381,486,48.60
382,502,50.20
383,513,51.30
384,506,50.60
385,475,47.50
386,505,50.50
387,494,49.40
388,463,46.30
389,489,48.90
390,477,47.70
391,491,49.10
392,499,49.90
393,500,50.00
394,492,49.20
395,501,50.10
396,488,48.80
397,499,49.90
398,489,48.90
399,510,51.00
400,462,46.20
401,474,47.40
402,469,46.90
403,493,49.30
404,478,47.80
405,512,51.20
406,472,47.20
407,485,48.50
408,475,47.50
409,500,50.00
410,498,49.80
411,474,47.40
412,495,49.50
413,489,48.90
414,483,48.30
415,491,49.10
416,468,46.80
417,502,50.20
418,480,48.00
419,493,49.30
420,449,44.90
421,506,50.60
422,488,48.80
423,491,49.10
424,452,45.20
425,509,50.90
426,498,49.80
427,493,49.30
428,498,49.80
429,467,46.70
430,489,48.90
431,517,51.70
432,503,50.30
433,511,51.10
434,470,47.00
435,459,45.90
436,487,48.70
437,485,48.50
438,495,49.50
439,484,48.40
440,445,44.50
441,481,48.10
442,485,48.50
443,476,47.60
444,499,49.90
445,520,52.00
446,490,49.00
447,485,48.50
448,509,50.90
449,457,45.70
450,455,45.50
451,492,49.20
452,500,50.00
453,482,48.20
454,496,49.60
455,482,48.20
456,482,48.20
457,490,49.00
458,480,48.00
459,493,49.30
460,482,48.20
461,504,50.40
462,469,46.90
463,487,48.70
464,521,52.10
465,458,45.80
466,503,50.30
467,469,46.90
468,483,48.30
469,491,49.10
470,468,46.80
471,503,50.30
472,486,48.60
473,437,43.70
474,478,47.80
475,479,47.90
476,495,49.50
477,496,49.60
478,490,49.00
479,511,51.10
480,501,50.10
481,482,48.20
482,476,47.60
483,481,48.10
484,491,49.10
485,471,47.10
486,505,50.50
487,476,47.60
488,501,50.10
489,508,50.80
490,478,47.80
491,472,47.20
492,493,49.30
493,466,46.60
494,520,52.00
495,484,48.40
496,506,50.60
497,478,47.80
498,489,48.90
499,504,50.40
500,497,49.70
501,507,50.70
502,509,50.90
503,492,49.20
504,489,48.90
505,514,51.40
506,486,48.60
507,528,52.80
508,520,52.00
509,480,48.00
510,507,50.70
511,474,47.40
512,510,51.00
513,489,48.90
514,516,51.60
515,498,49.80
516,479,47.90
517,518,51.80
518,517,51.70
519,490,49.00
520,499,49.90
521,494,49.40
522,530,53.00
523,487,48.70
524,504,50.40
525,492,49.20
526,521,52.10
527,478,47.80
528,500,50.00
529,491,49.10
530,505,50.50
531,515,51.50
532,526,52.60
533,514,51.40
534,496,49.60
535,495,49.50
536,517,51.70
537,503,50.30
538,466,46.60
539,492,49.20
540,502,50.20
541,514,51.40
542,530,53.00
543,483,48.30
544,524,52.40
545,510,51.00
546,516,51.60
547,484,48.40
548,527,52.70
549,538,53.80
550,479,47.90
551,504,50.40
552,505,50.50
553,505,50.50
554,495,49.50
555,485,48.50
556,488,48.80
557,495,49.50
558,499,49.90
559,498,49.80
560,493,49.30
561,512,51.20
562,519,51.90
563,487,48.70
564,502,50.20
565,498,49.80
566,502,50.20
567,507,50.70
568,493,49.30
569,516,51.60
570,509,50.90
571,514,51.40
572,491,49.10
573,540,54.00
574,512,51.20
575,494,49.40
576,504,50.40
577,507,50.70
578,485,48.50
579,489,48.90
580,516,51.60
581,511,51.10
582,485,48.50
583,454,45.40
584,482,48.20
585,502,50.20
586,534,53.40
587,465,46.50
588,498,49.80
589,511,51.10
590,508,50.80
591,498,49.80
592,521,52.10
593,501,50.10
594,524,52.40
595,513,51.30
596,517,51.70
597,514,51.40
598,481,48.10
599,484,48.40
600,519,51.90
601,510,51.00
602,493,49.30
603,503,50.30
604,515,51.50
605,490,49.00
606,483,48.30
607,492,49.20
608,492,49.20
609,519,51.90
610,502,50.20
611,526,52.60
612,485,48.50
613,473,47.30
614,516,51.60
615,500,50.00
616,488,48.80
617,509,50.90
618,486,48.60
619,507,50.70
620,515,51.50
621,518,51.80
622,514,51.40
623,514,51.40
624,517,51.70
625,482,48.20
626,538,53.80
627,511,51.10
628,528,52.80
629,500,50.00
630,523,52.30
631,501,50.10
632,522,52.20
633,495,49.50
634,533,53.30
635,500,50.00
636,512,51.20
637,504,50.40
638,491,49.10
639,504,50.40
640,496,49.60
641,508,50.80
642,504,50.40
643,546,54.60
644,488,48.80
645,495,49.50
646,495,49.50
647,506,50.60
648,503,50.30
649,496,49.60
650,494,49.40
651,497,49.70
652,469,46.90
653,487,48.70
654,498,49.80
655,476,47.60
656,504,50.40
657,481,48.10
658,486,48.60
659,484,48.40
660,488,48.80
661,509,50.90
662,510,51.00
663,488,48.80
664,508,50.80
665,456,45.60
666,523,52.30
667,491,49.10
668,501,50.10
669,514,51.40
670,516,51.60
671,538,53.80
672,497,49.70
673,501,50.10
674,507,50.70
675,510,51.00
676,510,51.00
677,527,52.70
678,515,51.50
679,515,51.50
680,487,48.70
681,510,51.00
682,489,48.90
683,506,50.60
684,524,52.40
685,517,51.70
686,494,49.40
687,494,49.40
688,494,49.40
689,488,48.80
690,505,50.50
691,525,52.50
692,501,50.10
693,519,51.90
694,503,50.30
695,522,52.20
696,510,51.00
697,511,51.10
698,489,48.90
699,534,53.40
700,489,48.90
701,533,53.30
702,527,52.70
703,509,50.90
704,509,50.90
705,537,53.70
706,485,48.50
707,492,49.20
708,520,52.00
709,520,52.00
710,518,51.80
711,518,51.80
712,522,52.20
713,476,47.60
714,512,51.20
715,521,52.10
716,487,48.70
717,536,53.60
718,502,50.20
719,521,52.10
720,494,49.40
721,521,52.10
722,485,48.50
723,505,50.50
724,507,50.70
725,514,51.40
726,518,51.80
727,472,47.20
728,506,50.60
729,520,52.00
730,507,50.70
731,505,50.50
732,523,52.30
733,509,50.90
734,510,51.00
735,492,49.20
736,515,51.50
737,506,50.60
738,526,52.60
739,485,48.50
740,500,50.00
741,523,52.30
742,487,48.70
743,520,52.00
744,523,52.30
745,496,49.60
746,503,50.30
747,515,51.50
748,503,50.30
749,532,53.20
750,527,52.70
751,515,51.50
752,535,53.50
753,503,50.30
754,495,49.50
755,511,51.10
756,473,47.30
757,487,48.70
758,510,51.00
759,504,50.40
760,471,47.10
761,501,50.10
762,526,52.60
763,505,50.50
764,506,50.60
765,496,49.60
766,519,51.90
767,518,51.80
768,495,49.50
769,495,49.50
770,513,51.30
771,499,49.90
772,489,48.90
773,506,50.60
774,473,47.30
775,502,50.20
776,496,49.60
777,494,49.40
778,491,49.10
779,531,53.10
780,504,50.40
781,514,51.40
782,516,51.60
783,522,52.20
784,491,49.10
785,502,50.20
786,525,52.50
787,524,52.40
788,477,47.70
789,508,50.80
790,530,53.00
791,502,50.20
792,513,51.30
793,510,51.00
794,520,52.00
795,515,51.50
796,522,52.20
797,499,49.90
798,478,47.80
799,472,47.20
800,497,49.70
801,488,48.80
802,507,50.70
803,487,48.70
804,518,51.80
805,507,50.70
806,491,49.10
807,488,48.80
808,526,52.60
809,488,48.80
810,492,49.20
811,513,51.30
812,464,46.40
813,518,51.80
814,538,53.80
815,547,54.70
816,504,50.40
817,499,49.90
818,522,52.20
819,512,51.20
820,536,53.60
821,523,52.30
822,491,49.10
823,512,51.20
824,477,47.70
825,502,50.20
826,495,49.50
827,497,49.70
828,515,51.50
829,516,51.60
830,506,50.60
831,503,50.30
832,523,52.30
833,536,53.60
834,501,50.10
835,496,49.60
836,495,49.50
837,504,50.40
838,489,48.90
839,494,49.40
840,473,47.30
841,528,52.80
842,501,50.10
843,472,47.20
844,533,53.30
845,531,53.10
846,483,48.30
847,514,51.40
848,492,49.20
849,510,51.00
850,497,49.70
851,516,51.60
852,515,51.50
853,495,49.50
854,510,51.00
855,515,51.50
856,509,50.90
857,501,50.10
858,493,49.30
859,507,50.70
860,505,50.50
861,474,47.40
862,501,50.10
863,496,49.60
864,499,49.90
865,468,46.80
866,525,52.50
867,523,52.30
868,489,48.90
869,509,50.90
870,480,48.00
871,500,50.00
872,510,51.00
873,497,49.70
874,484,48.40
875,499,49.90
876,494,49.40
877,483,48.30
878,505,50.50
879,504,50.40
880,495,49.50
881,478,47.80
882,487,48.70
883,502,50.20
884,493,49.30
885,526,52.60
886,505,50.50
887,497,49.70
888,511,51.10
889,512,51.20
890,472,47.20
891,510,51.00
892,491,49.10
893,504,50.40
894,488,48.80
895,529,52.90
896,521,52.10
897,508,50.80
898,492,49.20
899,500,50.00
900,507,50.70
901,479,47.90
902,485,48.50
903,498,49.80
904,474,47.40
905,523,52.30
906,478,47.80
907,491,49.10
908,495,49.50
909,519,51.90
910,521,52.10
911,536,53.60
912,516,51.60
913,483,48.30
914,499,49.90
915,502,50.20
916,486,48.60
917,497,49.70
918,521,52.10
919,503,50.30
920,484,48.40
921,500,50.00
922,515,51.50
923,502,50.20
924,509,50.90
925,488,48.80
926,525,52.50
927,477,47.70
928,503,50.30
929,490,49.00
930,492,49.20
931,516,51.60
932,526,52.60
933,483,48.30
934,493,49.30
935,474,47.40
936,527,52.70
937,496,49.60
938,491,49.10
939,500,50.00
940,511,51.10
941,487,48.70
942,477,47.70
943,492,49.20
944,531,53.10
945,502,50.20
946,495,49.50
947,512,51.20
948,498,49.80
949,523,52.30
950,492,49.20
951,494,49.40
952,524,52.40
953,494,49.40
954,541,54.10
955,473,47.30
956,491,49.10
957,483,48.30
958,512,51.20
959,486,48.60
960,505,50.50
961,503,50.30
962,489,48.90
963,505,50.50
964,480,48.00
965,486,48.60
966,517,51.70
967,508,50.80
968,505,50.50
969,494,49.40
970,491,49.10
971,500,50.00
972,488,48.80
973,518,51.80
974,496,49.60
975,530,53.00
976,478,47.80
977,509,50.90
978,511,51.10
979,498,49.80
980,480,48.00
981,494,49.40
982,493,49.30
983,503,50.30
984,508,50.80
985,513,51.30
986,476,47.60
987,487,48.70
988,498,49.80
989,483,48.30
990,517,51.70
991,508,50.80
992,518,51.80
993,512,51.20
994,491,49.10
995,509,50.90
996,508,50.80
997,523,52.30
998,504,50.40
999,533,53.30
1000,509,50.90
1001,503,50.30
1002,485,48.50
1003,493,49.30
1004,530,53.00
1005,522,52.20
1006,488,48.80
1007,492,49.20
1008,489,48.90
1009,460,46.00
1010,517,51.70
1011,492,49.20
1012,536,53.60
1013,529,52.90
1014,488,48.80
1015,494,49.40
1016,509,50.90
1017,502,50.20
1018,509,50.90
1019,489,48.90
1020,523,52.30
1021,527,52.70
1022,482,48.20
1023,482,48.20
1024,499,49.90
1025,522,52.20
1026,525,52.50
1027,487,48.70
1028,505,50.50
1029,495,49.50
1030,487,48.70
1031,514,51.40
1032,515,51.50
1033,475,47.50
1034,496,49.60
1035,521,52.10
1036,520,52.00
1037,498,49.80
1038,526,52.60
1039,476,47.60
1040,505,50.50
1041,485,48.50
1042,505,50.50
1043,495,49.50
1044,498,49.80
1045,475,47.50
1046,532,53.20
1047,498,49.80
1048,486,48.60
1049,493,49.30
1050,494,49.40
1051,516,51.60
1052,492,49.20
1053,511,51.10
1054,493,49.30
1055,493,49.30
1056,527,52.70
1057,508,50.80
1058,538,53.80
1059,491,49.10
1060,479,47.90
1061,477,47.70
1062,504,50.40
1063,543,54.30
1064,498,49.80
1065,496,49.60
1066,544,54.40
1067,511,51.10
1068,535,53.50
1069,497,49.70
1070,477,47.70
1071,501,50.10
1072,505,50.50
1073,505,50.50
1074,489,48.90
1075,488,48.80
1076,499,49.90
1077,508,50.80
1078,519,51.90
1079,493,49.30
1080,504,50.40
1081,499,49.90
1082,521,52.10
1083,513,51.30
1084,512,51.20
1085,524,52.40
1086,503,50.30
1087,470,47.00
1088,469,46.90
1089,496,49.60
1090,521,52.10
1091,521,52.10
1092,493,49.30
1093,501,50.10
1094,472,47.20
1095,512,51.20
1096,491,49.10
1097,517,51.70
1098,531,53.10
1099,491,49.10
1100,474,47.40
1101,504,50.40
1102,486,48.60
1103,486,48.60
1104,519,51.90
1105,547,54.70
1106,509,50.90
1107,488,48.80
1108,506,50.60
1109,507,50.70
1110,509,50.90
1111,512,51.20
1112,510,51.00
1113,517,51.70
1114,491,49.10
1115,503,50.30
1116,504,50.40
1117,515,51.50
1118,507,50.70
1119,472,47.20
1120,494,49.40
1121,524,52.40
1122,545,54.50
1123,538,53.80
1124,475,47.50
1125,488,48.80
1126,498,49.80
1127,498,49.80
1128,512,51.20
1129,479,47.90
1130,514,51.40
1131,509,50.90
1132,458,45.80
1133,524,52.40
1134,522,52.20
1135,500,50.00
1136,523,52.30
1137,502,50.20
1138,530,53.00
1139,474,47.40
1140,520,52.00
1141,494,49.40
1142,496,49.60
1143,500,50.00
1144,496,49.60
1145,510,51.00
1146,530,53.00
1147,483,48.30
1148,505,50.50
1149,514,51.40
1150,506,50.60
1151,504,50.40
1152,488,48.80
1153,494,49.40
1154,487,48.70
1155,493,49.30
1156,489,48.90
1157,499,49.90
1158,490,49.00
1159,509,50.90
1160,499,49.90
1161,500,50.00
1162,501,50.10
1163,522,52.20
1164,517,51.70
1165,509,50.90
1166,528,52.80
1167,510,51.00
1168,481,48.10
1169,453,45.30
1170,490,49.00
1171,467,46.70
1172,499,49.90
1173,492,49.20
1174,503,50.30
1175,526,52.60
1176,516,51.60
1177,500,50.00
1178,532,53.20
1179,465,46.50
1180,505,50.50
1181,492,49.20
1182,485,48.50
1183,482,48.20
1184,499,49.90
1185,484,48.40
1186,506,50.60
1187,495,49.50
1188,513,51.30
1189,499,49.90
1190,495,49.50
1191,541,54.10
1192,517,51.70
1193,511,51.10
1194,503,50.30
1195,496,49.60
1196,507,50.70
1197,495,49.50
1198,524,52.40
1199,517,51.70
1200,503,50.30
1201,498,49.80
1202,509,50.90
1203,489,48.90
1204,517,51.70
1205,497,49.70
1206,499,49.90
1207,495,49.50
1208,488,48.80
1209,533,53.30
1210,516,51.60
1211,489,48.90
1212,481,48.10
1213,508,50.80
1214,490,49.00
1215,501,50.10
1216,499,49.90
1217,474,47.40
1218,485,48.50
1219,498,49.80
1220,522,52.20
1221,485,48.50
1222,512,51.20
1223,470,47.00
1224,495,49.50
1225,519,51.90
1226,506,50.60
1227,488,48.80
1228,523,52.30
1229,475,47.50
1230,504,50.40
1231,493,49.30
1232,495,49.50
1233,519,51.90
1234,538,53.80
1235,494,49.40
1236,520,52.00
1237,480,48.00
1238,502,50.20
1239,520,52.00
1240,475,47.50
1241,517,51.70
1242,504,50.40
1243,524,52.40
1244,489,48.90
1245,518,51.80
1246,516,51.60
1247,511,51.10
1248,511,51.10
1249,508,50.80
1250,499,49.90
1251,501,50.10
1252,475,47.50
1253,513,51.30
1254,481,48.10
1255,496,49.60
1256,506,50.60
1257,505,50.50
1258,502,50.20
1259,480,48.00
1260,496,49.60
1261,502,50.20
1262,507,50.70
1263,481,48.10
1264,509,50.90
1265,524,52.40
1266,489,48.90
1267,495,49.50
1268,508,50.80
1269,458,45.80
1270,523,52.30
1271,506,50.60
1272,489,48.90
1273,502,50.20
1274,515,51.50
1275,493,49.30
1276,478,47.80
1277,513,51.30
1278,493,49.30
1279,503,50.30
1280,500,50.00
1281,505,50.50
1282,482,48.20
1283,517,51.70
1284,477,47.70
1285,514,51.40
1286,498,49.80
1287,497,49.70
1288,496,49.60
1289,521,52.10
1290,491,49.10
1291,487,48.70
1292,481,48.10
1293,488,48.80
1294,495,49.50
1295,507,50.70
1296,468,46.80
1297,501,50.10
1298,504,50.40
1299,445,44.50
1300,482,48.20
1301,499,49.90
1302,522,52.20
1303,492,49.20
1304,514,51.40
1305,492,49.20
1306,463,46.30
1307,502,50.20
1308,532,53.20
1309,507,50.70
1310,486,48.60
1311,523,52.30
1312,513,51.30
1313,530,53.00
1314,494,49.40
1315,500,50.00
1316,479,47.90
1317,477,47.70
1318,488,48.80
1319,509,50.90
1320,509,50.90
1321,485,48.50
1322,514,51.40
1323,507,50.70
1324,530,53.00
1325,494,49.40
1326,510,51.00
1327,499,49.90
1328,511,51.10
1329,473,47.30
1330,512,51.20
1331,505,50.50
1332,493,49.30
1333,502,50.20
1334,499,49.90
1335,516,51.60
1336,500,50.00
1337,516,51.60
1338,501,50.10
1339,529,52.90
1340,529,52.90
1341,515,51.50
1342,495,49.50
1343,519,51.90
1344,491,49.10
1345,532,53.20
1346,514,51.40
1347,518,51.80
1348,475,47.50
1349,491,49.10
1350,498,49.80
1351,512,51.20
1352,514,51.40
1353,489,48.90
1354,536,53.60
1355,506,50.60
1356,507,50.70
1357,502,50.20
1358,496,49.60
1359,480,48.00
1360,519,51.90
1361,501,50.10
1362,492,49.20
1363,485,48.50
1364,515,51.50
1365,509,50.90
1366,498,49.80
1367,499,49.90
1368,527,52.70
1369,517,51.70
1370,525,52.50
1371,487,48.70
1372,505,50.50
1373,519,51.90
1374,513,51.30
1375,484,48.40
1376,527,52.70
1377,523,52.30
1378,478,47.80
1379,503,50.30
1380,497,49.70
1381,471,47.10
1382,513,51.30
1383,530,53.00
1384,519,51.90
1385,499,49.90
1386,475,47.50
1387,506,50.60
1388,523,52.30
1389,514,51.40
1390,515,51.50
1391,501,50.10
1392,507,50.70
1393,498,49.80
1394,493,49.30
1395,505,50.50
1396,525,52.50
1397,507,50.70
1398,509,50.90
1399,507,50.70
1400,526,52.60
1401,520,52.00
1402,510,51.00
1403,489,48.90
1404,481,48.10
1405,492,49.20
1406,499,49.90
1407,479,47.90
1408,525,52.50
1409,512,51.20
1410,487,48.70
1411,523,52.30
1412,526,52.60
1413,493,49.30
1414,511,51.10
1415,512,51.20
1416,501,50.10
1417,520,52.00
1418,496,49.60
1419,474,47.40
1420,508,50.80
1421,494,49.40
1422,475,47.50
1423,505,50.50
1424,528,52.80
1425,507,50.70
1426,492,49.20
1427,496,49.60
1428,500,50.00
1429,507,50.70
1430,516,51.60
1431,500,50.00
1432,532,53.20
1433,504,50.40
1434,532,53.20
1435,505,50.50
1436,505,50.50
1437,492,49.20
1438,527,52.70
1439,480,48.00
1440,512,51.20
1441,475,47.50
1442,523,52.30
1443,511,51.10
1444,543,54.30
1445,491,49.10
1446,507,50.70
1447,491,49.10
1448,487,48.70
1449,482,48.20
1450,524,52.40
1451,497,49.70
1452,494,49.40
1453,507,50.70
1454,486,48.60
1455,523,52.30
1456,498,49.80
1457,509,50.90
1458,491,49.10
1459,490,49.00
1460,504,50.40
1461,505,50.50
1462,545,54.50
1463,507,50.70
1464,503,50.30
1465,498,49.80
1466,522,52.20
1467,509,50.90
1468,500,50.00
1469,512,51.20
1470,502,50.20
1471,509,50.90
1472,516,51.60
1473,491,49.10
1474,509,50.90
1475,509,50.90
1476,519,51.90
1477,502,50.20
1478,509,50.90
1479,468,46.80
1480,491,49.10
1481,490,49.00
1482,480,48.00
1483,516,51.60
1484,518,51.80
1485,519,51.90
1486,502,50.20
1487,499,49.90
1488,512,51.20
1489,540,54.00
1490,515,51.50
1491,469,46.90
1492,509,50.90
1493,502,50.20
1494,500,50.00
1495,521,52.10
1496,496,49.60
1497,474,47.40
1498,516,51.60
1499,500,50.00
