bucket,wins,win_rate
0,505,50.50
1,475,47.50
2,488,48.80
3,489,48.90
4,455,45.50
5,466,46.60
6,507,50.70
7,489,48.90
8,480,48.00
9,491,49.10
10,517,51.70
11,481,48.10
12,522,52.20
13,474,47.40
14,526,52.60
15,523,52.30
16,499,49.90
17,496,49.60
18,463,46.30
19,476,47.60
20,489,48.90
21,493,49.30
22,492,49.20
23,524,52.40
24,484,48.40
25,477,47.70
26,496,49.60
27,489,48.90
28,484,48.40
29,505,50.50
30,508,50.80
31,469,46.90
32,469,46.90
33,502,50.20
34,478,47.80
35,486,48.60
36,476,47.60
37,483,48.30
38,480,48.00
39,478,47.80
40,506,50.60
41,503,50.30
42,481,48.10
43,530,53.00
44,481,48.10
45,477,47.70
46,508,50.80
47,492,49.20
48,477,47.70
49,458,45.80
50,503,50.30
51,496,49.60
52,478,47.80
53,482,48.20
54,476,47.60
55,493,49.30
56,480,48.00
57,486,48.60
58,479,47.90
59,485,48.50
60,487,48.70
61,470,47.00
62,482,48.20
63,472,47.20
64,470,47.00
65,487,48.70
66,531,53.10
67,503,50.30
68,488,48.80
69,503,50.30
70,505,50.50
71,494,49.40
72,477,47.70
73,491,49.10
74,515,51.50
75,441,44.10
76,508,50.80
77,486,48.60
78,496,49.60
79,510,51.00
80,506,50.60
81,500,50.00
82,466,46.60
83,489,48.90
84,503,50.30
85,482,48.20
86,500,50.00
87,483,48.30
88,458,45.80
89,498,49.80
90,478,47.80
91,483,48.30
92,488,48.80
93,506,50.60
94,495,49.50
95,489,48.90
96,478,47.80
97,499,49.90
98,498,49.80
99,486,48.60
100,467,46.70
101,498,49.80
102,479,47.90
103,473,47.30
104,457,45.70
105,476,47.60
106,503,50.30
107,517,51.70
108,483,48.30
109,527,52.70
110,493,49.30
111,467,46.70
112,509,50.90
113,470,47.00
114,483,48.30
115,467,46.70
116,515,51.50
117,468,46.80
118,487,48.70
119,484,48.40
120,496,49.60
121,494,49.40
122,491,49.10
123,470,47.00
124,463,46.30
125,485,48.50
126,466,46.60
127,490,49.00
128,477,47.70
129,515,51.50
130,488,48.80
131,499,49.90
132,506,50.60
133,485,48.50
134,486,48.60
135,455,45.50
136,467,46.70
137,487,48.70
138,497,49.70
139,506,50.60
140,500,50.00
141,453,45.30
142,514,51.40
143,500,50.00
144,496,49.60
145,495,49.50
146,485,48.50
147,497,49.70
148,462,46.20
149,474,47.40
150,497,49.70
151,486,48.60
152,492,49.20
153,514,51.40
154,488,48.80
155,488,48.80
156,488,48.80
157,469,46.90
158,508,50.80
159,507,50.70
160,470,47.00
161,495,49.50
162,471,47.10
163,494,49.40
164,524,52.40
165,487,48.70
166,482,48.20
167,492,49.20
168,477,47.70
169,495,49.50
170,473,47.30
171,483,48.30
172,502,50.20
173,477,47.70
174,514,51.40
175,513,51.30
176,492,49.20
177,500,50.00
178,518,51.80
179,483,48.30
180,514,51.40
181,492,49.20
182,491,49.10
183,497,49.70
184,457,45.70
185,497,49.70
186,466,46.60
187,527,52.70
188,474,47.40
189,476,47.60
190,495,49.50
191,483,48.30
192,479,47.90
193,506,50.60
194,501,50.10
195,494,49.40
196,496,49.60
197,488,48.80
198,489,48.90
199,499,49.90
200,508,50.80
201,490,49.00
202,477,47.70
203,508,50.80
204,495,49.50
205,455,45.50
206,511,51.10
207,525,52.50
208,477,47.70
209,490,49.00
210,492,49.20
211,464,46.40
212,484,48.40
213,484,48.40
214,476,47.60
215,471,47.10
216,457,45.70
217,468,46.80
218,463,46.30
219,467,46.70
220,471,47.10
221,511,51.10
222,472,47.20
223,470,47.00
224,481,48.10
225,492,49.20
226,463,46.30
227,479,47.90
228,513,51.30
229,498,49.80
230,483,48.30
231,501,50.10
232,510,51.00
233,498,49.80
234,498,49.80
235,523,52.30
236,470,47.00
237,494,49.40
238,500,50.00
239,459,45.90
240,480,48.00
241,509,50.90
242,495,49.50
243,494,49.40
244,478,47.80
245,470,47.00
246,454,45.40
247,471,47.10
248,483,48.30
249,472,47.20
250,486,48.60
251,514,51.40
252,497,49.70
253,481,48.10
254,506,50.60
255,506,50.60
256,495,49.50
257,471,47.10
258,481,48.10
259,513,51.30
260,502,50.20
261,489,48.90
262,489,48.90
263,513,51.30
264,485,48.50
265,494,49.40
266,459,45.90
267,505,50.50
268,454,45.40
269,473,47.30
270,491,49.10
271,492,49.20
272,523,52.30
273,504,50.40
274,462,46.20
275,507,50.70
276,482,48.20
277,489,48.90
278,474,47.40
279,504,50.40
280,488,48.80
281,511,51.10
282,491,49.10
283,469,46.90
284,453,45.30
285,466,46.60
286,521,52.10
287,493,49.30
288,460,46.00
289,466,46.60
290,503,50.30
291,507,50.70
292,485,48.50
293,480,48.00
294,481,48.10
295,462,46.20
296,467,46.70
297,473,47.30
298,506,50.60
299,478,47.80
300,491,49.10
301,485,48.50
302,468,46.80
303,493,49.30
304,485,48.50
305,495,49.50
306,458,45.80
307,488,48.80
308,490,49.00
309,481,48.10
310,494,49.40
311,468,46.80
312,517,51.70
313,501,50.10
314,492,49.20
315,506,50.60
316,436,43.60
317,487,48.70
318,481,48.10
319,484,48.40
320,492,49.20
321,503,50.30
322,500,50.00
323,528,52.80
324,497,49.70
325,498,49.80
326,500,50.00
327,474,47.40
328,486,48.60
329,488,48.80
330,478,47.80
331,494,49.40
332,456,45.60
333,479,47.90
334,463,46.30
335,472,47.20
336,469,46.90
337,485,48.50
338,498,49.80
339,494,49.40
340,485,48.50
341,498,49.80
342,501,50.10
343,514,51.40
344,507,50.70
345,504,50.40
346,493,49.30
347,475,47.50
348,484,48.40
349,492,49.20
350,493,49.30
351,516,51.60
352,478,47.80
353,480,48.00
354,473,47.30
355,503,50.30
356,493,49.30
357,514,51.40
358,479,47.90
359,513,51.30
360,517,51.70
361,494,49.40
362,501,50.10
363,506,50.60
364,490,49.00
365,460,46.00
366,467,46.70
367,486,48.60
368,469,46.90
369,492,49.20
370,494,49.40
371,493,49.30
372,487,48.70
373,522,52.20
374,505,50.50
375,471,47.10
376,488,48.80
377,497,49.70
378,472,47.20
379,521,52.10
380,486,48.60
381,478,47.80
382,505,50.50
383,451,45.10
384,494,49.40
385,465,46.50
386,497,49.70
387,447,44.70
388,470,47.00
389,495,49.50
390,504,50.40
391,495,49.50
392,492,49.20
393,507,50.70
394,518,51.80
395,491,49.10
396,482,48.20
397,497,49.70
398,498,49.80
399,486,48.60
400,484,48.40
401,505,50.50
402,507,50.70
403,496,49.60
404,499,49.90
405,452,45.20
406,500,50.00
407,478,47.80
408,493,49.30
409,489,48.90
410,507,50.70
411,475,47.50
412,475,47.50
413,488,48.80
414,485,48.50
415,479,47.90
416,496,49.60
417,518,51.80
418,511,51.10
419,507,50.70
420,511,51.10
421,471,47.10
422,493,49.30
423,501,50.10
424,498,49.80
425,504,50.40
426,488,48.80
427,478,47.80
428,452,45.20
429,514,51.40
430,501,50.10
431,510,51.00
432,456,45.60
433,462,46.20
434,490,49.00
435,472,47.20
436,505,50.50
437,511,51.10
438,478,47.80
439,499,49.90
440,504,50.40
441,492,49.20
442,481,48.10
443,502,50.20
444,487,48.70
445,488,48.80
446,476,47.60
447,490,49.00
448,470,47.00
449,489,48.90
450,525,52.50
451,482,48.20
452,484,48.40
453,477,47.70
454,485,48.50
455,480,48.00
456,506,50.60
457,477,47.70
458,476,47.60
459,483,48.30
460,472,47.20
461,484,48.40
462,504,50.40
463,471,47.10
464,506,50.60
465,474,47.40
466,465,46.50
467,480,48.00
468,490,49.00
469,497,49.70
470,507,50.70
471,493,49.30
472,522,52.20
473,517,51.70
474,495,49.50
475,492,49.20
476,477,47.70
477,498,49.80
478,529,52.90
479,494,49.40
480,484,48.40
481,472,47.20
482,486,48.60
483,489,48.90
484,477,47.70
485,507,50.70
486,482,48.20
487,488,48.80
488,493,49.30
489,515,51.50
490,481,48.10
491,512,51.20
492,476,47.60
493,488,48.80
494,482,48.20
495,475,47.50
496,456,45.60
497,500,50.00
498,494,49.40
499,473,47.30
500,498,49.80
501,499,49.90
502,480,48.00
503,519,51.90
504,500,50.00
505,495,49.50
506,501,50.10
507,497,49.70
508,491,49.10
509,506,50.60
510,482,48.20
511,510,51.00
512,495,49.50
513,488,48.80
514,483,48.30
515,511,51.10
516,509,50.90
517,487,48.70
518,499,49.90
519,469,46.90
520,510,51.00
521,526,52.60
522,506,50.60
523,495,49.50
524,487,48.70
525,490,49.00
526,491,49.10
527,495,49.50
528,478,47.80
529,509,50.90
530,503,50.30
531,489,48.90
532,493,49.30
533,505,50.50
534,478,47.80
535,496,49.60
536,499,49.90
537,496,49.60
538,526,52.60
539,512,51.20
540,506,50.60
541,508,50.80
542,489,48.90
543,498,49.80
544,448,44.80
545,508,50.80
546,477,47.70
547,490,49.00
548,505,50.50
549,466,46.60
550,523,52.30
551,519,51.90
552,481,48.10
553,493,49.30
554,504,50.40
555,514,51.40
556,524,52.40
557,504,50.40
558,501,50.10
559,507,50.70
560,497,49.70
561,498,49.80
562,508,50.80
563,494,49.40
564,501,50.10
565,487,48.70
566,507,50.70
567,508,50.80
568,504,50.40
569,507,50.70
570,509,50.90
571,485,48.50
572,517,51.70
573,496,49.60
574,483,48.30
575,500,50.00
576,514,51.40
577,484,48.40
578,498,49.80
579,495,49.50
580,481,48.10
581,478,47.80
582,520,52.00
583,516,51.60
584,509,50.90
585,480,48.00
586,492,49.20
587,500,50.00
588,493,49.30
589,496,49.60
590,511,51.10
591,463,46.30
592,504,50.40
593,509,50.90
594,483,48.30
595,468,46.80
596,484,48.40
597,501,50.10
598,498,49.80
599,504,50.40
600,477,47.70
601,495,49.50
602,472,47.20
603,494,49.40
604,488,48.80
605,489,48.90
606,522,52.20
607,515,51.50
608,492,49.20
609,479,47.90
610,510,51.00
611,480,48.00
612,468,46.80
613,500,50.00
614,465,46.50
615,502,50.20
616,516,51.60
617,509,50.90
618,490,49.00
619,487,48.70
620,481,48.10
621,509,50.90
622,502,50.20
623,504,50.40
624,501,50.10
625,484,48.40
626,488,48.80
627,490,49.00
628,478,47.80
629,498,49.80
630,493,49.30
631,492,49.20
632,511,51.10
633,507,50.70
634,469,46.90
635,500,50.00
636,481,48.10
637,485,48.50
638,495,49.50
639,508,50.80
640,514,51.40
641,502,50.20
642,481,48.10
643,481,48.10
644,498,49.80
645,479,47.90
646,503,50.30
647,491,49.10
648,495,49.50
649,467,46.70
650,486,48.60
651,485,48.50
652,480,48.00
653,530,53.00
654,468,46.80
655,515,51.50
656,472,47.20
657,497,49.70
658,487,48.70
659,517,51.70
660,496,49.60
661,485,48.50
662,522,52.20
663,535,53.50
664,486,48.60
665,531,53.10
666,499,49.90
667,496,49.60
668,491,49.10
669,509,50.90
670,479,47.90
671,490,49.00
672,487,48.70
673,523,52.30
674,466,46.60
675,493,49.30
676,497,49.70
677,491,49.10
678,482,48.20
679,482,48.20
680,492,49.20
681,481,48.10
682,505,50.50
683,486,48.60
684,502,50.20
685,496,49.60
686,503,50.30
687,527,52.70
688,512,51.20
689,496,49.60
690,491,49.10
691,513,51.30
692,513,51.30
693,487,48.70
694,516,51.60
695,478,47.80
696,500,50.00
697,478,47.80
698,496,49.60
699,494,49.40
700,498,49.80
701,483,48.30
702,461,46.10
703,476,47.60
704,503,50.30
705,471,47.10
706,503,50.30
707,494,49.40
708,474,47.40
709,467,46.70
710,491,49.10
711,480,48.00
712,524,52.40
713,510,51.00
714,493,49.30
715,492,49.20
716,481,48.10
717,469,46.90
718,500,50.00
719,474,47.40
720,492,49.20
721,523,52.30
722,519,51.90
723,502,50.20
724,490,49.00
725,503,50.30
726,471,47.10
727,485,48.50
728,481,48.10
729,476,47.60
730,476,47.60
731,488,48.80
732,487,48.70
733,487,48.70
734,487,48.70
735,498,49.80
736,483,48.30
737,516,51.60
738,504,50.40
739,484,48.40
740,489,48.90
741,465,46.50
742,508,50.80
743,493,49.30
744,490,49.00
745,495,49.50
746,499,49.90
747,471,47.10
748,479,47.90
749,486,48.60
750,477,47.70
751,476,47.60
752,496,49.60
753,512,51.20
754,523,52.30
755,493,49.30
756,520,52.00
757,525,52.50
758,503,50.30
759,494,49.40
760,504,50.40
761,480,48.00
762,503,50.30
763,503,50.30
764,491,49.10
765,463,46.30
766,530,53.00
767,508,50.80
768,456,45.60
769,529,52.90
770,508,50.80
771,515,51.50
772,515,51.50
773,476,47.60
774,478,47.80
775,486,48.60
776,500,50.00
777,512,51.20
778,518,51.80
779,482,48.20
780,500,50.00
781,461,46.10
782,525,52.50
783,490,49.00
784,488,48.80
785,504,50.40
786,482,48.20
787,492,49.20
788,477,47.70
789,503,50.30
790,483,48.30
791,504,50.40
792,495,49.50
793,494,49.40
794,489,48.90
795,501,50.10
796,482,48.20
797,515,51.50
798,509,50.90
799,497,49.70
800,494,49.40
801,502,50.20
802,494,49.40
803,492,49.20
804,500,50.00
805,519,51.90
806,482,48.20
807,497,49.70
808,507,50.70
809,495,49.50
810,514,51.40
811,504,50.40
812,491,49.10
813,502,50.20
814,487,48.70
815,485,48.50
816,496,49.60
817,501,50.10
818,481,48.10
819,477,47.70
820,473,47.30
821,487,48.70
822,506,50.60
823,488,48.80
824,505,50.50
825,525,52.50
826,479,47.90
827,513,51.30
828,470,47.00
829,498,49.80
830,522,52.20
831,501,50.10
832,504,50.40
833,493,49.30
834,516,51.60
835,490,49.00
836,482,48.20
837,500,50.00
838,482,48.20
839,496,49.60
840,488,48.80
841,491,49.10
842,513,51.30
843,509,50.90
844,478,47.80
845,467,46.70
846,492,49.20
847,506,50.60
848,518,51.80
849,516,51.60
850,491,49.10
851,467,46.70
852,489,48.90
853,509,50.90
854,526,52.60
855,507,50.70
856,479,47.90
857,502,50.20
858,521,52.10
859,510,51.00
860,501,50.10
861,497,49.70
862,505,50.50
863,481,48.10
864,529,52.90
865,500,50.00
866,480,48.00
867,482,48.20
868,499,49.90
869,484,48.40
870,491,49.10
871,490,49.00
872,502,50.20
873,520,52.00
874,507,50.70
875,503,50.30
876,483,48.30
877,500,50.00
878,494,49.40
879,482,48.20
880,498,49.80
881,508,50.80
882,485,48.50
883,485,48.50
884,506,50.60
885,476,47.60
886,514,51.40
887,511,51.10
888,490,49.00
889,497,49.70
890,512,51.20
891,493,49.30
892,486,48.60
893,521,52.10
894,525,52.50
895,482,48.20
896,470,47.00
897,523,52.30
898,496,49.60
899,483,48.30
900,510,51.00
901,503,50.30
902,516,51.60
903,489,48.90
904,505,50.50
905,494,49.40
906,513,51.30
907,505,50.50
908,487,48.70
909,502,50.20
910,501,50.10
911,485,48.50
912,508,50.80
913,512,51.20
914,501,50.10
915,506,50.60
916,506,50.60
917,491,49.10
918,496,49.60
919,490,49.00
920,525,52.50
921,513,51.30
922,503,50.30
923,492,49.20
924,494,49.40
925,539,53.90
926,478,47.80
927,515,51.50
928,504,50.40
929,511,51.10
930,500,50.00
931,501,50.10
932,526,52.60
933,504,50.40
934,509,50.90
935,485,48.50
936,480,48.00
937,480,48.00
938,494,49.40
939,506,50.60
940,523,52.30
941,509,50.90
942,521,52.10
943,516,51.60
944,480,48.00
945,520,52.00
946,510,51.00
947,510,51.00
948,499,49.90
949,484,48.40
950,501,50.10
951,512,51.20
952,484,48.40
953,508,50.80
954,518,51.80
955,517,51.70
956,480,48.00
957,481,48.10
958,527,52.70
959,515,51.50
960,513,51.30
961,499,49.90
962,511,51.10
963,482,48.20
964,519,51.90
965,525,52.50
966,483,48.30
967,523,52.30
968,489,48.90
969,494,49.40
970,492,49.20
971,523,52.30
972,505,50.50
973,501,50.10
974,496,49.60
975,493,49.30
976,508,50.80
977,477,47.70
978,490,49.00
979,489,48.90
980,522,52.20
981,503,50.30
982,487,48.70
983,491,49.10
984,478,47.80
985,493,49.30
986,508,50.80
987,490,49.00
988,490,49.00
989,497,49.70
990,501,50.10
991,482,48.20
992,472,47.20
993,493,49.30
994,493,49.30
995,473,47.30
996,515,51.50
997,486,48.60
998,485,48.50
999,463,46.30
1000,472,47.20
1001,493,49.30
1002,502,50.20
1003,517,51.70
1004,494,49.40
1005,480,48.00
1006,507,50.70
1007,493,49.30
1008,510,51.00
1009,508,50.80
1010,515,51.50
1011,523,52.30
1012,489,48.90
1013,458,45.80
1014,495,49.50
1015,510,51.00
1016,513,51.30
1017,502,50.20
1018,484,48.40
1019,511,51.10
1020,494,49.40
1021,485,48.50
1022,494,49.40
1023,511,51.10
1024,509,50.90
1025,483,48.30
1026,488,48.80
1027,474,47.40
1028,500,50.00
1029,486,48.60
1030,511,51.10
1031,512,51.20
1032,479,47.90
1033,514,51.40
1034,526,52.60
1035,470,47.00
1036,494,49.40
1037,514,51.40
1038,499,49.90
1039,520,52.00
1040,508,50.80
1041,483,48.30
1042,508,50.80
1043,503,50.30
1044,474,47.40
1045,513,51.30
1046,497,49.70
1047,510,51.00
1048,486,48.60
1049,513,51.30
1050,519,51.90
1051,484,48.40
1052,509,50.90
1053,492,49.20
1054,488,48.80
1055,508,50.80
1056,480,48.00
1057,510,51.00
1058,449,44.90
1059,477,47.70
1060,482,48.20
1061,499,49.90
1062,486,48.60
1063,476,47.60
1064,501,50.10
1065,528,52.80
1066,490,49.00
1067,504,50.40
1068,508,50.80
1069,485,48.50
1070,502,50.20
1071,511,51.10
1072,492,49.20
1073,474,47.40
1074,504,50.40
1075,485,48.50
1076,498,49.80
1077,494,49.40
1078,510,51.00
1079,473,47.30
1080,496,49.60
1081,478,47.80
1082,501,50.10
1083,509,50.90
1084,494,49.40
1085,500,50.00
1086,503,50.30
1087,545,54.50
1088,514,51.40
1089,480,48.00
1090,469,46.90
1091,512,51.20
1092,498,49.80
1093,485,48.50
1094,522,52.20
1095,486,48.60
1096,490,49.00
1097,484,48.40
1098,499,49.90
1099,496,49.60
1100,516,51.60
1101,521,52.10
1102,490,49.00
1103,499,49.90
1104,487,48.70
1105,487,48.70
1106,496,49.60
1107,489,48.90
1108,507,50.70
1109,488,48.80
1110,485,48.50
1111,510,51.00
1112,500,50.00
1113,503,50.30
1114,499,49.90
1115,478,47.80
1116,517,51.70
1117,504,50.40
1118,510,51.00
1119,496,49.60
1120,509,50.90
1121,499,49.90
1122,505,50.50
1123,495,49.50
1124,508,50.80
1125,515,51.50
1126,508,50.80
1127,525,52.50
1128,457,45.70
1129,521,52.10
1130,494,49.40
1131,494,49.40
1132,525,52.50
1133,458,45.80
1134,463,46.30
1135,518,51.80
1136,476,47.60
1137,482,48.20
1138,505,50.50
1139,505,50.50
1140,481,48.10
1141,493,49.30
1142,492,49.20
1143,481,48.10
1144,515,51.50
1145,526,52.60
1146,509,50.90
1147,473,47.30
1148,470,47.00
1149,522,52.20
1150,476,47.60
1151,505,50.50
1152,508,50.80
1153,508,50.80
1154,508,50.80
1155,518,51.80
1156,499,49.90
1157,498,49.80
1158,516,51.60
1159,487,48.70
1160,504,50.40
1161,505,50.50
1162,514,51.40
1163,488,48.80
1164,486,48.60
1165,470,47.00
1166,497,49.70
1167,502,50.20
1168,501,50.10
1169,530,53.00
1170,509,50.90
1171,534,53.40
1172,495,49.50
1173,499,49.90
1174,515,51.50
1175,486,48.60
1176,503,50.30
1177,480,48.00
1178,497,49.70
1179,494,49.40
1180,507,50.70
1181,520,52.00
1182,491,49.10
1183,500,50.00
1184,506,50.60
1185,522,52.20
1186,498,49.80
1187,511,51.10
1188,511,51.10
1189,506,50.60
1190,520,52.00
1191,490,49.00
1192,515,51.50
1193,505,50.50
1194,512,51.20
1195,497,49.70
1196,518,51.80
1197,495,49.50
1198,503,50.30
1199,487,48.70
1200,483,48.30
1201,487,48.70
1202,454,45.40
1203,491,49.10
1204,492,49.20
1205,493,49.30
1206,488,48.80
1207,513,51.30
1208,504,50.40
1209,485,48.50
1210,495,49.50
1211,496,49.60
1212,514,51.40
1213,498,49.80
1214,524,52.40
1215,512,51.20
1216,496,49.60
1217,524,52.40
1218,512,51.20
1219,481,48.10
1220,481,48.10
1221,486,48.60
1222,487,48.70
1223,504,50.40
1224,480,48.00
1225,501,50.10
1226,512,51.20
1227,505,50.50
1228,507,50.70
1229,481,48.10
1230,468,46.80
1231,503,50.30
1232,480,48.00
1233,497,49.70
1234,489,48.90
1235,522,52.20
1236,484,48.40
1237,507,50.70
1238,491,49.10
1239,506,50.60
1240,506,50.60
1241,509,50.90
1242,489,48.90
1243,501,50.10
1244,504,50.40
1245,484,48.40
1246,496,49.60
1247,498,49.80
1248,504,50.40
1249,497,49.70
1250,525,52.50
1251,505,50.50
1252,490,49.00
1253,520,52.00
1254,494,49.40
1255,509,50.90
1256,489,48.90
1257,501,50.10
1258,506,50.60
1259,476,47.60
1260,522,52.20
1261,476,47.60
1262,506,50.60
1263,509,50.90
1264,491,49.10
1265,502,50.20
1266,512,51.20
1267,494,49.40
1268,496,49.60
1269,534,53.40
1270,483,48.30
1271,510,51.00
1272,519,51.90
1273,503,50.30
1274,506,50.60
1275,518,51.80
1276,513,51.30
1277,517,51.70
1278,518,51.80
1279,496,49.60
1280,495,49.50
1281,486,48.60
1282,541,54.10
1283,490,49.00
1284,504,50.40
1285,512,51.20
1286,482,48.20
1287,513,51.30
1288,511,51.10
1289,493,49.30
1290,495,49.50
1291,506,50.60
1292,505,50.50
1293,489,48.90
1294,501,50.10
1295,499,49.90
1296,511,51.10
1297,520,52.00
1298,497,49.70
1299,554,55.40
1300,494,49.40
1301,500,50.00
1302,466,46.60
1303,507,50.70
1304,486,48.60
1305,494,49.40
1306,518,51.80
1307,520,52.00
1308,480,48.00
1309,501,50.10
1310,517,51.70
1311,500,50.00
1312,515,51.50
1313,477,47.70
1314,519,51.90
1315,501,50.10
1316,529,52.90
1317,501,50.10
1318,504,50.40
1319,510,51.00
1320,502,50.20
1321,520,52.00
1322,510,51.00
1323,486,48.60
1324,489,48.90
1325,512,51.20
1326,498,49.80
1327,473,47.30
1328,458,45.80
1329,514,51.40
1330,510,51.00
1331,477,47.70
1332,507,50.70
1333,521,52.10
1334,488,48.80
1335,482,48.20
1336,498,49.80
1337,510,51.00
1338,509,50.90
1339,492,49.20
1340,520,52.00
1341,498,49.80
1342,476,47.60
1343,494,49.40
1344,510,51.00
1345,480,48.00
1346,479,47.90
1347,512,51.20
1348,505,50.50
1349,510,51.00
1350,511,51.10
1351,462,46.20
1352,494,49.40
1353,501,50.10
1354,501,50.10
1355,530,53.00
1356,502,50.20
1357,483,48.30
1358,508,50.80
1359,519,51.90
1360,486,48.60
1361,487,48.70
1362,466,46.60
1363,526,52.60
1364,496,49.60
1365,506,50.60
1366,485,48.50
1367,486,48.60
1368,507,50.70
1369,506,50.60
1370,473,47.30
1371,482,48.20
1372,478,47.80
1373,508,50.80
1374,499,49.90
1375,493,49.30
1376,467,46.70
1377,493,49.30
1378,488,48.80
1379,514,51.40
1380,494,49.40
1381,545,54.50
1382,486,48.60
1383,516,51.60
1384,485,48.50
1385,496,49.60
1386,511,51.10
1387,500,50.00
1388,463,46.30
1389,503,50.30
1390,513,51.30
1391,490,49.00
1392,506,50.60
1393,497,49.70
1394,494,49.40
1395,491,49.10
1396,472,47.20
1397,496,49.60
1398,495,49.50
1399,539,53.90
1400,502,50.20
1401,492,49.20
1402,494,49.40
1403,513,51.30
1404,506,50.60
1405,516,51.60
1406,485,48.50
1407,500,50.00
1408,497,49.70
1409,509,50.90
1410,511,51.10
1411,520,52.00
1412,468,46.80
1413,521,52.10
1414,518,51.80
1415,511,51.10
1416,511,51.10
1417,509,50.90
1418,530,53.00
1419,515,51.50
1420,502,50.20
1421,514,51.40
1422,518,51.80
1423,501,50.10
1424,476,47.60
1425,501,50.10
1426,523,52.30
1427,514,51.40
1428,507,50.70
1429,502,50.20
1430,495,49.50
1431,497,49.70
1432,478,47.80
1433,509,50.90
1434,489,48.90
1435,515,51.50
1436,455,45.50
1437,534,53.40
1438,497,49.70
1439,493,49.30
1440,486,48.60
1441,504,50.40
1442,500,50.00
1443,498,49.80
1444,470,47.00
1445,517,51.70
1446,513,51.30
1447,504,50.40
1448,508,50.80
1449,513,51.30
1450,488,48.80
1451,518,51.80
1452,534,53.40
1453,480,48.00
1454,507,50.70
1455,520,52.00
1456,493,49.30
1457,487,48.70
1458,499,49.90
1459,508,50.80
1460,527,52.70
1461,516,51.60
1462,477,47.70
1463,503,50.30
1464,507,50.70
1465,507,50.70
1466,501,50.10
1467,516,51.60
1468,489,48.90
1469,519,51.90
1470,462,46.20
1471,516,51.60
1472,530,53.00
1473,484,48.40
1474,510,51.00
1475,493,49.30
1476,508,50.80
1477,507,50.70
1478,492,49.20
1479,494,49.40
1480,508,50.80
1481,513,51.30
1482,517,51.70
1483,506,50.60
1484,487,48.70
1485,510,51.00
1486,497,49.70
1487,524,52.40
1488,496,49.60
1489,491,49.10
1490,514,51.40
1491,506,50.60
1492,480,48.00
1493,508,50.80
1494,534,53.40
1495,491,49.10
1496,491,49.10
1497,508,50.80
1498,484,48.40
1499,532,53.20
