bucket,wins,win_rate
0,472,47.20
1,507,50.70
2,502,50.20
3,461,46.10
4,490,49.00
5,495,49.50
6,500,50.00
7,481,48.10
8,508,50.80
9,498,49.80
10,464,46.40
11,511,51.10
12,489,48.90
13,488,48.80
14,498,49.80
15,482,48.20
16,484,48.40
17,486,48.60
18,498,49.80
19,483,48.30
20,482,48.20
21,510,51.00
22,499,49.90
23,463,46.30
24,495,49.50
25,507,50.70
26,506,50.60
27,483,48.30
28,479,47.90
29,482,48.20
30,480,48.00
31,473,47.30
32,506,50.60
33,513,51.30
34,498,49.80
35,515,51.50
36,477,47.70
37,483,48.30
38,482,48.20
39,496,49.60
40,469,46.90
41,483,48.30
42,511,51.10
43,476,47.60
44,488,48.80
45,486,48.60
46,451,45.10
47,478,47.80
48,476,47.60
49,477,47.70
50,490,49.00
51,499,49.90
52,480,48.00
53,500,50.00
54,515,51.50
55,483,48.30
56,510,51.00
57,506,50.60
58,475,47.50
59,497,49.70
60,479,47.90
61,517,51.70
62,493,49.30
63,520,52.00
64,488,48.80
65,501,50.10
66,495,49.50
67,467,46.70
68,510,51.00
69,486,48.60
70,467,46.70
71,490,49.00
72,502,50.20
73,513,51.30
74,471,47.10
75,504,50.40
76,474,47.40
77,483,48.30
78,473,47.30
79,508,50.80
80,498,49.80
81,455,45.50
82,477,47.70
83,479,47.90
84,490,49.00
85,477,47.70
86,470,47.00
87,478,47.80
88,492,49.20
89,473,47.30
90,493,49.30
91,488,48.80
92,466,46.60
93,487,48.70
94,482,48.20
95,487,48.70
96,495,49.50
97,502,50.20
98,485,48.50
99,501,50.10
100,484,48.40
101,495,49.50
102,471,47.10
103,496,49.60
104,471,47.10
105,482,48.20
106,495,49.50
107,503,50.30
108,481,48.10
109,479,47.90
110,462,46.20
111,469,46.90
112,484,48.40
113,500,50.00
114,479,47.90
115,499,49.90
116,475,47.50
117,500,50.00
118,469,46.90
119,499,49.90
120,486,48.60
121,464,46.40
122,494,49.40
123,497,49.70
124,486,48.60
125,476,47.60
126,475,47.50
127,500,50.00
128,496,49.60
129,503,50.30
130,485,48.50
131,459,45.90
132,480,48.00
133,495,49.50
134,463,46.30
135,461,46.10
136,481,48.10
137,499,49.90
138,462,46.20
139,477,47.70
140,485,48.50
141,455,45.50
142,473,47.30
143,489,48.90
144,459,45.90
145,482,48.20
146,508,50.80
147,488,48.80
148,468,46.80
149,501,50.10
150,486,48.60
151,506,50.60
152,489,48.90
153,468,46.80
154,494,49.40
155,477,47.70
156,477,47.70
157,473,47.30
158,475,47.50
159,490,49.00
160,488,48.80
161,480,48.00
162,493,49.30
163,486,48.60
164,478,47.80
165,476,47.60
166,473,47.30
167,509,50.90
168,507,50.70
169,489,48.90
170,481,48.10
171,504,50.40
172,508,50.80
173,481,48.10
174,489,48.90
175,492,49.20
176,456,45.60
177,490,49.00
178,477,47.70
179,463,46.30
180,495,49.50
181,494,49.40
182,463,46.30
183,491,49.10
184,476,47.60
185,487,48.70
186,504,50.40
187,527,52.70
188,494,49.40
189,482,48.20
190,495,49.50
191,490,49.00
192,493,49.30
193,459,45.90
194,477,47.70
195,494,49.40
196,480,48.00
197,485,48.50
198,491,49.10
199,490,49.00
200,464,46.40
201,472,47.20
202,502,50.20
203,465,46.50
204,507,50.70
205,461,46.10
206,470,47.00
207,477,47.70
208,486,48.60
209,483,48.30
210,483,48.30
211,489,48.90
212,492,49.20
213,485,48.50
214,476,47.60
215,495,49.50
216,499,49.90
217,501,50.10
218,489,48.90
219,479,47.90
220,483,48.30
221,470,47.00
222,472,47.20
223,497,49.70
224,491,49.10
225,502,50.20
226,492,49.20
227,513,51.30
228,489,48.90
229,477,47.70
230,482,48.20
231,489,48.90
232,505,50.50
233,496,49.60
234,491,49.10
235,500,50.00
236,512,51.20
237,506,50.60
238,462,46.20
239,497,49.70
240,497,49.70
241,478,47.80
242,489,48.90
243,495,49.50
244,505,50.50
245,503,50.30
246,508,50.80
247,519,51.90
248,472,47.20
249,486,48.60
250,475,47.50
251,508,50.80
252,462,46.20
253,475,47.50
254,450,45.00
255,511,51.10
256,473,47.30
257,495,49.50
258,529,52.90
259,474,47.40
260,521,52.10
261,485,48.50
262,473,47.30
263,499,49.90
264,484,48.40
265,504,50.40
266,498,49.80
267,523,52.30
268,498,49.80
269,510,51.00
270,502,50.20
271,513,51.30
272,477,47.70
273,491,49.10
274,474,47.40
275,510,51.00
276,484,48.40
277,486,48.60
278,490,49.00
279,471,47.10
280,487,48.70
281,474,47.40
282,476,47.60
283,460,46.00
284,480,48.00
285,471,47.10
286,483,48.30
287,496,49.60
288,500,50.00
289,518,51.80
290,499,49.90
291,478,47.80
292,492,49.20
293,488,48.80
294,460,46.00
295,505,50.50
296,497,49.70
297,469,46.90
298,501,50.10
299,490,49.00
300,475,47.50
301,513,51.30
302,525,52.50
303,482,48.20
304,498,49.80
305,495,49.50
306,485,48.50
307,494,49.40
308,476,47.60
309,513,51.30
310,466,46.60
311,487,48.70
312,490,49.00
313,482,48.20
314,484,48.40
315,462,46.20
316,520,52.00
317,489,48.90
318,483,48.30
319,499,49.90
320,478,47.80
321,479,47.90
322,494,49.40
323,505,50.50
324,453,45.30
325,484,48.40
326,522,52.20
327,493,49.30
328,466,46.60
329,468,46.80
330,470,47.00
331,467,46.70
332,498,49.80
333,460,46.00
334,484,48.40
335,484,48.40
336,472,47.20
337,500,50.00
338,491,49.10
339,489,48.90
340,487,48.70
341,507,50.70
342,485,48.50
343,487,48.70
344,508,50.80
345,466,46.60
346,484,48.40
347,492,49.20
348,508,50.80
349,522,52.20
350,489,48.90
351,509,50.90
352,484,48.40
353,497,49.70
354,467,46.70
355,496,49.60
356,488,48.80
357,491,49.10
358,497,49.70
359,481,48.10
360,488,48.80
361,500,50.00
362,495,49.50
363,466,46.60
364,495,49.50
365,530,53.00
366,474,47.40
367,503,50.30
368,517,51.70
369,509,50.90
370,506,50.60
371,472,47.20
372,493,49.30
373,484,48.40
374,473,47.30
375,469,46.90
376,515,51.50
377,449,44.90
378,515,51.50
379,488,48.80
380,497,49.70
381,512,51.20
382,485,48.50
383,488,48.80
384,472,47.20
385,515,51.50
386,490,49.00
387,486,48.60
388,514,51.40
389,467,46.70
390,498,49.80
391,505,50.50
392,506,50.60
393,509,50.90
394,460,46.00
395,485,48.50
396,495,49.50
397,493,49.30
398,498,49.80
399,498,49.80
400,497,49.70
401,491,49.10
402,489,48.90
403,510,51.00
404,497,49.70
405,489,48.90
406,474,47.40
407,477,47.70
408,484,48.40
409,484,48.40
410,501,50.10
411,494,49.40
412,484,48.40
413,505,50.50
414,483,48.30
415,477,47.70
416,496,49.60
417,507,50.70
418,508,50.80
419,494,49.40
420,465,46.50
421,490,49.00
422,479,47.90
423,501,50.10
424,503,50.30
425,482,48.20
426,468,46.80
427,497,49.70
428,494,49.40
429,486,48.60
430,479,47.90
431,519,51.90
432,486,48.60
433,482,48.20
434,510,51.00
435,525,52.50
436,480,48.00
437,460,46.00
438,460,46.00
439,498,49.80
440,487,48.70
441,505,50.50
442,520,52.00
443,462,46.20
444,517,51.70
445,512,51.20
446,495,49.50
447,497,49.70
448,490,49.00
449,489,48.90
450,468,46.80
451,475,47.50
452,497,49.70
453,492,49.20
454,476,47.60
455,487,48.70
456,494,49.40
457,493,49.30
458,481,48.10
459,466,46.60
460,506,50.60
461,475,47.50
462,507,50.70
463,470,47.00
464,487,48.70
465,506,50.60
466,498,49.80
467,488,48.80
468,479,47.90
469,500,50.00
470,511,51.10
471,470,47.00
472,499,49.90
473,507,50.70
474,480,48.00
475,482,48.20
476,504,50.40
477,509,50.90
478,494,49.40
479,476,47.60
480,512,51.20
481,488,48.80
482,497,49.70
483,465,46.50
484,519,51.90
485,496,49.60
486,475,47.50
487,466,46.60
488,517,51.70
489,500,50.00
490,477,47.70
491,486,48.60
492,480,48.00
493,498,49.80
494,491,49.10
495,521,52.10
496,510,51.00
497,473,47.30
498,487,48.70
499,476,47.60
500,493,49.30
501,513,51.30
502,466,46.60
503,488,48.80
504,524,52.40
505,490,49.00
506,515,51.50
507,479,47.90
508,484,48.40
509,506,50.60
510,522,52.20
511,511,51.10
512,502,50.20
513,508,50.80
514,505,50.50
515,509,50.90
516,529,52.90
517,486,48.60
518,470,47.00
519,526,52.60
520,526,52.60
521,491,49.10
522,465,46.50
523,484,48.40
524,497,49.70
525,511,51.10
526,500,50.00
527,497,49.70
528,520,52.00
529,495,49.50
530,485,48.50
531,495,49.50
532,487,48.70
533,489,48.90
534,496,49.60
535,492,49.20
536,472,47.20
537,498,49.80
538,496,49.60
539,488,48.80
540,482,48.20
541,487,48.70
542,498,49.80
543,495,49.50
544,501,50.10
545,494,49.40
546,501,50.10
547,500,50.00
548,486,48.60
549,504,50.40
550,501,50.10
551,473,47.30
552,492,49.20
553,505,50.50
554,476,47.60
555,497,49.70
556,487,48.70
557,490,49.00
558,488,48.80
559,491,49.10
560,497,49.70
561,489,48.90
562,449,44.90
563,506,50.60
564,503,50.30
565,516,51.60
566,498,49.80
567,514,51.40
568,512,51.20
569,491,49.10
570,473,47.30
571,502,50.20
572,516,51.60
573,494,49.40
574,509,50.90
575,479,47.90
576,492,49.20
577,477,47.70
578,517,51.70
579,511,51.10
580,497,49.70
581,512,51.20
582,509,50.90
583,496,49.60
584,509,50.90
585,510,51.00
586,492,49.20
587,532,53.20
588,486,48.60
589,492,49.20
590,499,49.90
591,535,53.50
592,467,46.70
593,504,50.40
594,483,48.30
595,499,49.90
596,494,49.40
597,502,50.20
598,524,52.40
599,502,50.20
600,498,49.80
601,497,49.70
602,532,53.20
603,514,51.40
604,474,47.40
605,505,50.50
606,481,48.10
607,481,48.10
608,485,48.50
609,520,52.00
610,490,49.00
611,489,48.90
612,521,52.10
613,503,50.30
614,509,50.90
615,489,48.90
616,511,51.10
617,490,49.00
618,519,51.90
619,520,52.00
620,502,50.20
621,491,49.10
622,482,48.20
623,510,51.00
624,492,49.20
625,512,51.20
626,509,50.90
627,514,51.40
628,488,48.80
629,493,49.30
630,493,49.30
631,513,51.30
632,453,45.30
633,514,51.40
634,501,50.10
635,498,49.80
636,499,49.90
637,478,47.80
638,511,51.10
639,491,49.10
640,510,51.00
641,499,49.90
642,523,52.30
643,490,49.00
644,522,52.20
645,505,50.50
646,516,51.60
647,479,47.90
648,494,49.40
649,509,50.90
650,511,51.10
651,505,50.50
652,526,52.60
653,487,48.70
654,524,52.40
655,502,50.20
656,510,51.00
657,522,52.20
658,511,51.10
659,491,49.10
660,503,50.30
661,518,51.80
662,476,47.60
663,503,50.30
664,530,53.00
665,503,50.30
666,481,48.10
667,525,52.50
668,476,47.60
669,475,47.50
670,492,49.20
671,463,46.30
672,516,51.60
673,477,47.70
674,488,48.80
675,504,50.40
676,488,48.80
677,486,48.60
678,504,50.40
679,509,50.90
680,509,50.90
681,504,50.40
682,493,49.30
683,514,51.40
684,510,51.00
685,492,49.20
686,489,48.90
687,481,48.10
688,507,50.70
689,510,51.00
690,488,48.80
691,480,48.00
692,478,47.80
693,511,51.10
694,487,48.70
695,514,51.40
696,521,52.10
697,507,50.70
698,494,49.40
699,498,49.80
700,505,50.50
701,491,49.10
702,534,53.40
703,508,50.80
704,501,50.10
705,493,49.30
706,506,50.60
707,497,49.70
708,509,50.90
709,519,51.90
710,477,47.70
711,496,49.60
712,465,46.50
713,514,51.40
714,505,50.50
715,487,48.70
716,508,50.80
717,495,49.50
718,494,49.40
719,477,47.70
720,491,49.10
721,465,46.50
722,501,50.10
723,511,51.10
724,520,52.00
725,472,47.20
726,515,51.50
727,523,52.30
728,523,52.30
729,510,51.00
730,517,51.70
731,500,50.00
732,493,49.30
733,508,50.80
734,490,49.00
735,514,51.40
736,492,49.20
737,485,48.50
738,469,46.90
739,492,49.20
740,502,50.20
741,499,49.90
742,495,49.50
743,499,49.90
744,513,51.30
745,518,51.80
746,496,49.60
747,508,50.80
748,491,49.10
749,507,50.70
750,520,52.00
751,512,51.20
752,491,49.10
753,511,51.10
754,489,48.90
755,494,49.40
756,508,50.80
757,503,50.30
758,479,47.90
759,494,49.40
760,512,51.20
761,503,50.30
762,471,47.10
763,486,48.60
764,518,51.80
765,525,52.50
766,487,48.70
767,483,48.30
768,537,53.70
769,504,50.40
770,478,47.80
771,498,49.80
772,516,51.60
773,519,51.90
774,527,52.70
775,520,52.00
776,495,49.50
777,484,48.40
778,489,48.90
779,504,50.40
780,507,50.70
781,520,52.00
782,485,48.50
783,488,48.80
784,526,52.60
785,514,51.40
786,497,49.70
787,477,47.70
788,538,53.80
789,501,50.10
790,502,50.20
791,485,48.50
792,506,50.60
793,501,50.10
794,509,50.90
795,491,49.10
796,495,49.50
797,515,51.50
798,499,49.90
799,518,51.80
800,519,51.90
801,512,51.20
802,494,49.40
803,525,52.50
804,471,47.10
805,477,47.70
806,500,50.00
807,520,52.00
808,464,46.40
809,493,49.30
810,484,48.40
811,497,49.70
812,516,51.60
813,503,50.30
814,476,47.60
815,477,47.70
816,503,50.30
817,499,49.90
818,477,47.70
819,491,49.10
820,485,48.50
821,496,49.60
822,508,50.80
823,499,49.90
824,496,49.60
825,476,47.60
826,512,51.20
827,493,49.30
828,513,51.30
829,494,49.40
830,476,47.60
831,493,49.30
832,463,46.30
833,481,48.10
834,494,49.40
835,484,48.40
836,511,51.10
837,507,50.70
838,530,53.00
839,505,50.50
840,499,49.90
841,490,49.00
842,496,49.60
843,534,53.40
844,504,50.40
845,492,49.20
846,504,50.40
847,490,49.00
848,499,49.90
849,509,50.90
850,497,49.70
851,523,52.30
852,507,50.70
853,533,53.30
854,464,46.40
855,490,49.00
856,521,52.10
857,512,51.20
858,521,52.10
859,514,51.40
860,509,50.90
861,514,51.40
862,517,51.70
863,516,51.60
864,503,50.30
865,525,52.50
866,496,49.60
867,497,49.70
868,509,50.90
869,495,49.50
870,509,50.90
871,502,50.20
872,489,48.90
873,511,51.10
874,518,51.80
875,506,50.60
876,512,51.20
877,504,50.40
878,509,50.90
879,525,52.50
880,501,50.10
881,513,51.30
882,479,47.90
883,517,51.70
884,515,51.50
885,498,49.80
886,512,51.20
887,492,49.20
888,491,49.10
889,476,47.60
890,529,52.90
891,517,51.70
892,507,50.70
893,491,49.10
894,495,49.50
895,487,48.70
896,509,50.90
897,485,48.50
898,511,51.10
899,515,51.50
900,500,50.00
901,534,53.40
902,519,51.90
903,515,51.50
904,538,53.80
905,505,50.50
906,490,49.00
907,518,51.80
908,495,49.50
909,481,48.10
910,494,49.40
911,493,49.30
912,481,48.10
913,488,48.80
914,500,50.00
915,480,48.00
916,520,52.00
917,532,53.20
918,504,50.40
919,487,48.70
920,495,49.50
921,477,47.70
922,499,49.90
923,493,49.30
924,525,52.50
925,500,50.00
926,488,48.80
927,493,49.30
928,529,52.90
929,498,49.80
930,499,49.90
931,487,48.70
932,482,48.20
933,521,52.10
934,492,49.20
935,525,52.50
936,491,49.10
937,515,51.50
938,539,53.90
939,490,49.00
940,469,46.90
941,489,48.90
942,488,48.80
943,520,52.00
944,512,51.20
945,520,52.00
946,499,49.90
947,502,50.20
948,496,49.60
949,511,51.10
950,490,49.00
951,491,49.10
952,487,48.70
953,514,51.40
954,455,45.50
955,494,49.40
956,540,54.00
957,497,49.70
958,490,49.00
959,532,53.20
960,497,49.70
961,476,47.60
962,504,50.40
963,526,52.60
964,500,50.00
965,491,49.10
966,510,51.00
967,490,49.00
968,501,50.10
969,509,50.90
970,508,50.80
971,461,46.10
972,500,50.00
973,508,50.80
974,486,48.60
975,482,48.20
976,494,49.40
977,479,47.90
978,513,51.30
979,509,50.90
980,490,49.00
981,489,48.90
982,501,50.10
983,509,50.90
984,509,50.90
985,503,50.30
986,511,51.10
987,513,51.30
988,502,50.20
989,510,51.00
990,479,47.90
991,474,47.40
992,504,50.40
993,512,51.20
994,512,51.20
995,501,50.10
996,492,49.20
997,512,51.20
998,495,49.50
999,515,51.50
1000,497,49.70
1001,514,51.40
1002,554,55.40
1003,502,50.20
1004,484,48.40
1005,504,50.40
1006,505,50.50
1007,494,49.40
1008,521,52.10
1009,509,50.90
1010,483,48.30
1011,499,49.90
1012,480,48.00
1013,498,49.80
1014,497,49.70
1015,510,51.00
1016,447,44.70
1017,509,50.90
1018,526,52.60
1019,495,49.50
1020,504,50.40
1021,507,50.70
1022,519,51.90
1023,508,50.80
1024,494,49.40
1025,487,48.70
1026,502,50.20
1027,555,55.50
1028,499,49.90
1029,526,52.60
1030,495,49.50
1031,521,52.10
1032,518,51.80
1033,513,51.30
1034,487,48.70
1035,522,52.20
1036,500,50.00
1037,488,48.80
1038,478,47.80
1039,521,52.10
1040,504,50.40
1041,548,54.80
1042,502,50.20
1043,517,51.70
1044,513,51.30
1045,506,50.60
1046,506,50.60
1047,500,50.00
1048,499,49.90
1049,501,50.10
1050,484,48.40
1051,511,51.10
1052,523,52.30
1053,484,48.40
1054,526,52.60
1055,494,49.40
1056,502,50.20
1057,478,47.80
1058,521,52.10
1059,520,52.00
1060,531,53.10
1061,520,52.00
1062,517,51.70
1063,508,50.80
1064,482,48.20
1065,492,49.20
1066,487,48.70
1067,486,48.60
1068,488,48.80
1069,506,50.60
1070,529,52.90
1071,483,48.30
1072,517,51.70
1073,501,50.10
1074,495,49.50
1075,518,51.80
1076,516,51.60
1077,492,49.20
1078,511,51.10
1079,525,52.50
1080,509,50.90
1081,523,52.30
1082,497,49.70
1083,502,50.20
1084,493,49.30
1085,478,47.80
1086,501,50.10
1087,491,49.10
1088,494,49.40
1089,515,51.50
1090,512,51.20
1091,476,47.60
1092,497,49.70
1093,514,51.40
1094,498,49.80
1095,509,50.90
1096,494,49.40
1097,515,51.50
1098,501,50.10
1099,520,52.00
1100,510,51.00
1101,476,47.60
1102,503,50.30
1103,506,50.60
1104,497,49.70
1105,486,48.60
1106,510,51.00
1107,510,51.00
1108,481,48.10
1109,506,50.60
1110,485,48.50
1111,496,49.60
1112,506,50.60
1113,482,48.20
1114,506,50.60
1115,510,51.00
1116,465,46.50
1117,488,48.80
1118,508,50.80
1119,499,49.90
1120,492,49.20
1121,488,48.80
1122,493,49.30
1123,474,47.40
1124,504,50.40
1125,494,49.40
1126,500,50.00
1127,507,50.70
1128,511,51.10
1129,522,52.20
1130,487,48.70
1131,508,50.80
1132,512,51.20
1133,518,51.80
1134,524,52.40
1135,493,49.30
1136,518,51.80
1137,527,52.70
1138,490,49.00
1139,525,52.50
1140,476,47.60
1141,512,51.20
1142,498,49.80
1143,519,51.90
1144,499,49.90
1145,483,48.30
1146,470,47.00
1147,539,53.90
1148,518,51.80
1149,471,47.10
1150,517,51.70
1151,506,50.60
1152,513,51.30
1153,505,50.50
1154,512,51.20
1155,472,47.20
1156,516,51.60
1157,505,50.50
1158,511,51.10
1159,520,52.00
1160,502,50.20
1161,509,50.90
1162,504,50.40
1163,489,48.90
1164,490,49.00
1165,547,54.70
1166,477,47.70
1167,498,49.80
1168,498,49.80
1169,520,52.00
1170,475,47.50
1171,503,50.30
1172,533,53.30
1173,517,51.70
1174,520,52.00
1175,500,50.00
1176,495,49.50
1177,509,50.90
1178,473,47.30
1179,535,53.50
1180,482,48.20
1181,482,48.20
1182,516,51.60
1183,509,50.90
1184,520,52.00
1185,493,49.30
1186,489,48.90
1187,488,48.80
1188,489,48.90
1189,511,51.10
1190,485,48.50
1191,498,49.80
1192,475,47.50
1193,495,49.50
1194,470,47.00
1195,507,50.70
1196,486,48.60
1197,506,50.60
1198,458,45.80
1199,479,47.90
1200,504,50.40
1201,513,51.30
1202,515,51.50
1203,507,50.70
1204,493,49.30
1205,521,52.10
1206,529,52.90
1207,513,51.30
1208,528,52.80
1209,517,51.70
1210,491,49.10
1211,518,51.80
1212,495,49.50
1213,510,51.00
1214,497,49.70
1215,485,48.50
1216,519,51.90
1217,527,52.70
1218,511,51.10
1219,528,52.80
1220,522,52.20
1221,494,49.40
1222,516,51.60
1223,495,49.50
1224,504,50.40
1225,481,48.10
1226,483,48.30
1227,516,51.60
1228,482,48.20
1229,523,52.30
1230,540,54.00
1231,520,52.00
1232,507,50.70
1233,497,49.70
1234,482,48.20
1235,519,51.90
1236,499,49.90
1237,519,51.90
1238,502,50.20
1239,477,47.70
1240,529,52.90
1241,497,49.70
1242,510,51.00
1243,485,48.50
1244,523,52.30
1245,501,50.10
1246,503,50.30
1247,510,51.00
1248,487,48.70
1249,493,49.30
1250,499,49.90
1251,511,51.10
1252,529,52.90
1253,486,48.60
1254,513,51.30
1255,495,49.50
1256,486,48.60
1257,517,51.70
1258,506,50.60
1259,529,52.90
1260,496,49.60
1261,519,51.90
1262,482,48.20
1263,494,49.40
1264,498,49.80
1265,503,50.30
1266,503,50.30
1267,503,50.30
1268,525,52.50
1269,507,50.70
1270,494,49.40
1271,493,49.30
1272,512,51.20
1273,488,48.80
1274,497,49.70
1275,517,51.70
1276,520,52.00
1277,486,48.60
1278,503,50.30
1279,501,50.10
1280,488,48.80
1281,501,50.10
1282,493,49.30
1283,512,51.20
1284,486,48.60
1285,515,51.50
1286,506,50.60
1287,512,51.20
1288,492,49.20
1289,487,48.70
1290,504,50.40
1291,509,50.90
1292,536,53.60
1293,513,51.30
1294,492,49.20
1295,499,49.90
1296,527,52.70
1297,489,48.90
1298,504,50.40
1299,505,50.50
1300,490,49.00
1301,496,49.60
1302,516,51.60
1303,509,50.90
1304,503,50.30
1305,487,48.70
1306,502,50.20
1307,480,48.00
1308,502,50.20
1309,483,48.30
1310,495,49.50
1311,499,49.90
1312,481,48.10
1313,509,50.90
1314,489,48.90
1315,517,51.70
1316,503,50.30
1317,509,50.90
1318,505,50.50
1319,496,49.60
1320,506,50.60
1321,508,50.80
1322,499,49.90
1323,510,51.00
1324,497,49.70
1325,525,52.50
1326,533,53.30
1327,509,50.90
1328,509,50.90
1329,500,50.00
1330,478,47.80
1331,529,52.90
1332,519,51.90
1333,497,49.70
1334,508,50.80
1335,506,50.60
1336,507,50.70
1337,493,49.30
1338,499,49.90
1339,496,49.60
1340,476,47.60
1341,497,49.70
1342,526,52.60
1343,495,49.50
1344,515,51.50
1345,498,49.80
1346,524,52.40
1347,476,47.60
1348,486,48.60
1349,500,50.00
1350,505,50.50
1351,500,50.00
1352,491,49.10
1353,509,50.90
1354,466,46.60
1355,506,50.60
1356,515,51.50
1357,498,49.80
1358,505,50.50
1359,519,51.90
1360,509,50.90
1361,494,49.40
1362,496,49.60
1363,488,48.80
1364,513,51.30
1365,502,50.20
1366,525,52.50
1367,523,52.30
1368,498,49.80
1369,496,49.60
1370,513,51.30
1371,500,50.00
1372,509,50.90
1373,519,51.90
1374,484,48.40
1375,510,51.00
1376,522,52.20
1377,517,51.70
1378,538,53.80
1379,482,48.20
1380,501,50.10
1381,500,50.00
1382,519,51.90
1383,483,48.30
1384,500,50.00
1385,490,49.00
1386,493,49.30
1387,505,50.50
1388,514,51.40
1389,501,50.10
1390,509,50.90
1391,508,50.80
1392,492,49.20
1393,524,52.40
1394,521,52.10
1395,547,54.70
1396,514,51.40
1397,515,51.50
1398,468,46.80
1399,486,48.60
1400,492,49.20
1401,505,50.50
1402,462,46.20
1403,540,54.00
1404,498,49.80
1405,504,50.40
1406,520,52.00
1407,530,53.00
1408,491,49.10
1409,497,49.70
1410,516,51.60
1411,465,46.50
1412,512,51.20
1413,498,49.80
1414,505,50.50
1415,469,46.90
1416,517,51.70
1417,473,47.30
1418,504,50.40
1419,513,51.30
1420,491,49.10
1421,480,48.00
1422,510,51.00
1423,500,50.00
1424,485,48.50
1425,494,49.40
1426,490,49.00
1427,488,48.80
1428,491,49.10
1429,462,46.20
1430,498,49.80
1431,504,50.40
1432,496,49.60
1433,527,52.70
1434,472,47.20
1435,472,47.20
1436,530,53.00
1437,496,49.60
1438,502,50.20
1439,513,51.30
1440,504,50.40
1441,520,52.00
1442,509,50.90
1443,500,50.00
1444,496,49.60
1445,465,46.50
1446,493,49.30
1447,502,50.20
1448,529,52.90
1449,534,53.40
1450,472,47.20
1451,489,48.90
1452,483,48.30
1453,486,48.60
1454,495,49.50
1455,488,48.80
1456,513,51.30
1457,511,51.10
1458,509,50.90
1459,503,50.30
1460,505,50.50
1461,512,51.20
1462,496,49.60
1463,486,48.60
1464,529,52.90
1465,519,51.90
1466,497,49.70
1467,476,47.60
1468,497,49.70
1469,468,46.80
1470,516,51.60
1471,493,49.30
1472,484,48.40
1473,510,51.00
1474,488,48.80
1475,513,51.30
1476,493,49.30
1477,519,51.90
1478,488,48.80
1479,517,51.70
1480,499,49.90
1481,499,49.90
1482,500,50.00
1483,501,50.10
1484,499,49.90
1485,498,49.80
1486,493,49.30
1487,459,45.90
1488,494,49.40
1489,497,49.70
1490,503,50.30
1491,535,53.50
1492,496,49.60
1493,480,48.00
1494,485,48.50
1495,497,49.70
1496,523,52.30
1497,533,53.30
1498,484,48.40
1499,467,46.70
